aX,aY,aZ,gX,gY,gZ
0.462,-1.262,0.956,-184.570,0.916,-121.338
0.462,-1.609,0.619,-176.453,-5.920,-88.074
0.570,-1.631,0.720,-173.584,-17.334,-25.635
0.641,-1.637,0.825,-115.173,-29.114,-0.427
0.728,-1.508,0.763,-64.453,-25.391,17.761
0.790,-1.185,0.542,-36.011,-17.334,26.367
0.778,-0.919,0.350,-13.916,-13.123,32.959
0.801,-0.672,0.249,-1.221,-5.005,35.034
0.782,-0.505,0.159,9.399,-0.305,28.259
0.761,-0.372,0.138,18.311,1.221,30.457
0.862,-0.223,0.145,27.283,5.859,27.039
0.962,-0.098,0.089,35.583,6.104,12.817
0.930,-0.078,0.069,36.499,5.676,4.639
0.950,-0.126,0.151,31.433,2.441,4.028
0.949,-0.133,0.194,27.893,3.296,6.592
0.975,-0.077,0.189,27.466,13.794,3.967
0.961,-0.043,0.192,37.476,12.695,0.916
0.951,-0.046,0.202,43.274,15.015,-1.587
1.002,-0.023,0.166,41.016,22.766,-14.709
0.988,-0.036,0.151,39.246,20.691,-29.541
0.911,-0.096,0.144,40.100,15.442,-29.602
0.880,-0.123,0.120,49.561,9.094,-19.043
0.860,-0.105,0.132,58.411,8.057,-18.799
0.875,-0.122,0.100,57.312,10.010,-13.916
0.912,-0.114,0.075,58.044,6.470,-7.751
0.928,-0.136,0.085,58.105,6.287,-1.404
0.940,-0.090,0.088,49.683,4.700,9.644
0.975,0.005,0.109,46.875,-7.141,11.047
1.029,0.030,0.139,57.434,-12.512,3.540
1.059,-0.022,0.080,50.659,-5.615,-0.366
1.007,-0.005,0.128,45.837,-0.732,-3.113
0.967,-0.002,0.134,41.199,-0.610,-0.427
1.024,0.044,0.074,32.227,-3.296,6.226
1.060,0.066,0.019,17.639,0.488,-1.282
0.995,-0.004,0.089,15.198,6.348,-4.883
0.931,-0.101,0.185,22.949,5.005,8.606
0.967,-0.039,0.207,39.734,-2.930,17.151
1.049,0.018,0.096,40.588,1.831,10.864
1.054,0.047,0.017,29.053,2.075,-3.601
0.950,0.009,0.017,25.391,-6.348,-11.780

1.097,1.189,0.005,-13.550,7.568,40.955
1.180,1.743,-0.158,-95.459,14.343,56.030
1.291,1.961,-0.193,-147.949,11.780,14.587
1.231,1.767,-0.081,-174.072,4.150,-55.176
0.831,0.790,0.045,-197.693,3.113,-111.328
0.722,-0.163,0.229,-235.962,10.010,-127.625
0.666,-1.023,0.592,-248.535,21.606,-111.084
0.569,-1.480,0.755,-178.894,-11.230,-86.609
0.602,-1.705,0.784,-125.183,-20.630,-52.856
0.760,-1.708,0.931,-72.876,-20.508,-25.818
0.681,-1.428,0.747,-34.485,-7.080,0.549
0.717,-0.962,0.437,-5.615,6.714,34.790
0.790,-0.537,0.130,13.367,7.263,50.659
0.830,-0.268,0.060,19.287,7.324,35.583
0.807,-0.189,0.083,32.898,6.714,15.625
0.837,-0.109,0.002,40.955,5.737,5.615
0.827,-0.069,-0.035,38.208,3.113,2.441
0.906,-0.040,-0.046,29.724,2.258,9.277
0.946,-0.014,0.032,13.977,0.427,7.568
0.995,-0.012,0.120,13.367,3.967,2.319
1.010,-0.013,0.084,12.756,8.667,-11.658
0.932,-0.059,0.031,11.963,6.836,-13.916
0.892,-0.095,0.030,10.254,4.944,-4.272
0.979,-0.081,0.042,8.545,1.099,1.770
0.980,-0.072,0.046,9.338,-2.197,1.526
0.955,-0.080,0.038,9.277,0.183,1.343
0.950,-0.079,0.018,9.277,4.028,5.188
0.945,-0.084,0.019,8.606,3.906,7.568
0.945,-0.075,0.019,12.268,0.305,13.428
0.989,-0.055,0.038,15.076,6.958,13.489
1.032,-0.038,0.039,16.907,1.892,1.892
0.979,-0.045,0.009,17.700,-2.869,1.892
0.966,-0.041,-0.001,14.221,-5.676,6.287
0.981,-0.032,0.045,9.827,-3.418,9.277
0.992,-0.050,0.063,10.437,0.488,8.728
1.000,-0.031,0.013,14.771,2.991,8.362
0.968,0.004,-0.037,12.817,0.854,6.470
0.948,-0.009,0.003,5.371,0.061,8.118
0.979,-0.004,0.051,5.432,2.258,12.329
1.017,0.033,0.045,11.841,1.160,8.118

1.105,1.768,-0.212,-80.750,26.917,140.259
1.406,2.129,-0.291,-137.695,20.813,111.816
1.463,1.794,-0.198,-174.438,2.197,-103.455
0.930,0.765,0.053,-178.040,5.920,-210.144
-0.066,-1.418,0.623,-184.143,14.160,-155.823
0.618,-1.347,0.694,-204.529,16.785,18.005
1.427,-0.958,0.612,-135.986,-14.343,26.184
1.007,-1.101,0.651,-87.402,-22.034,-29.785
0.793,-0.951,0.351,-46.570,-5.676,-24.780
0.765,-0.721,0.058,-25.818,-6.958,9.094
0.806,-0.495,-0.028,-35.095,-7.507,20.081
0.923,-0.346,0.091,-23.743,-3.479,9.155
0.924,-0.290,0.108,1.709,-6.897,-10.254
0.836,-0.270,0.001,7.385,-7.690,-10.620
0.819,-0.194,-0.083,-1.587,-9.644,1.831
0.923,-0.056,-0.067,-9.949,-11.169,6.042
0.923,-0.064,0.003,-11.658,-11.047,2.686
0.947,-0.085,0.039,-10.742,-8.362,3.052
1.028,-0.108,0.091,-9.216,-7.812,0.854
1.016,-0.083,0.075,-9.155,-8.118,0.549
0.996,-0.072,0.088,-9.766,-3.784,5.188
1.044,-0.052,0.111,-7.568,-0.427,6.226
1.060,-0.065,0.103,-0.977,0.549,-6.897
0.955,-0.098,0.042,4.028,1.099,-12.512
0.955,-0.050,0.004,-3.784,3.052,3.235
1.003,-0.008,0.025,-7.935,3.967,2.441
1.000,-0.039,0.069,-5.249,4.211,-3.601
0.966,-0.089,0.047,-0.732,2.930,-6.348
0.952,-0.090,0.027,0.122,0.427,-3.540
0.950,-0.081,0.040,-2.686,0.061,0.916
0.941,-0.076,0.066,-5.005,1.465,3.479
0.953,-0.074,0.069,-4.944,4.333,5.005
0.964,-0.065,0.057,-3.662,4.211,4.333
0.962,-0.039,0.034,-1.404,1.404,1.770
0.964,-0.035,0.036,-0.916,2.075,0.183
0.962,-0.040,0.035,-0.854,3.479,-1.038
0.965,-0.040,0.017,-0.732,2.625,-1.343
0.963,-0.043,0.012,-1.465,1.282,-0.671
0.969,-0.044,0.020,-2.686,1.160,0.000
0.966,-0.038,0.037,0.000,-0.732,0.366

1.205,1.017,-0.022,-66.406,5.920,52.917
1.059,1.296,-0.093,-115.540,17.334,36.743
0.934,1.586,-0.315,-139.832,11.719,36.194
1.083,1.488,-0.301,-184.814,4.883,0.244
1.090,0.984,0.176,-228.149,1.343,-80.933
0.603,-0.148,0.499,-158.936,-14.832,-181.152
-0.315,-1.778,0.317,-136.963,-40.649,-96.802
0.399,-1.415,0.592,-177.795,-42.969,68.420
1.311,-0.827,0.819,-154.846,-50.354,115.845
1.386,-0.766,1.009,-82.214,-74.463,47.119
1.224,-0.745,0.880,-6.653,-58.167,-12.451
1.093,-0.580,0.586,-0.427,-42.053,-3.235
1.039,-0.382,0.409,-6.226,-22.339,12.939
1.025,-0.164,0.263,1.038,-8.118,15.503
1.024,-0.024,0.197,7.996,-5.737,7.202
1.024,0.010,0.195,7.629,1.587,-6.287
0.987,-0.018,0.167,6.042,8.118,-19.104
0.941,-0.026,0.193,3.357,10.254,-19.775
0.969,-0.018,0.204,11.169,14.954,-17.456
1.009,-0.003,0.131,14.893,15.686,-27.344
0.946,-0.043,0.124,15.564,16.968,-31.921
0.902,-0.113,0.172,20.264,15.930,-25.024
0.934,-0.116,0.151,21.423,8.850,-14.099
0.943,-0.070,0.124,15.930,4.211,-7.263
0.994,-0.030,0.146,16.907,3.662,-7.568
0.995,-0.042,0.139,22.583,2.197,-14.160
0.935,-0.074,0.099,21.606,1.526,-15.442
0.945,-0.067,0.113,14.526,4.700,-6.653
0.997,-0.063,0.124,11.536,7.812,-2.136
0.954,-0.069,0.093,11.780,3.418,-5.310
0.944,-0.062,0.111,4.456,5.310,-1.770
0.947,-0.084,0.138,6.348,5.798,-3.113
0.927,-0.085,0.124,12.878,2.686,-1.465
0.969,-0.057,0.109,9.460,4.456,1.892
0.970,-0.052,0.091,7.385,2.441,0.183
0.931,-0.066,0.094,2.380,0.854,5.737
0.967,-0.057,0.138,1.404,3.235,6.897
0.981,-0.058,0.147,7.019,3.784,0.793
0.962,-0.050,0.098,8.972,1.160,-2.502
0.930,-0.051,0.076,4.089,0.732,0.488

0.859,1.309,-0.203,-35.645,7.874,46.570
1.220,1.783,-0.238,-103.699,1.770,88.257
1.507,1.650,-0.056,-155.945,0.061,37.781
1.071,0.718,0.189,-184.204,16.418,-99.487
0.358,-0.387,0.291,-168.884,23.376,-145.508
0.378,-1.155,0.424,-143.738,19.226,-63.782
0.810,-1.187,0.436,-111.145,-5.493,37.170
1.069,-0.923,0.326,-67.383,-23.865,13.184
1.046,-0.911,0.296,-30.579,-35.217,-15.991
0.917,-0.877,0.194,-30.518,-29.358,-6.592
1.045,-0.735,0.191,-43.701,-17.395,14.160
1.004,-0.652,0.189,-32.227,-20.142,12.390
0.925,-0.535,0.097,-10.986,-24.170,9.827
0.965,-0.339,0.049,-13.000,-12.451,15.076
0.992,-0.280,0.066,-11.536,-0.732,9.216
1.008,-0.275,0.060,-11.658,0.427,2.563
0.898,-0.208,0.063,-9.521,-4.700,-7.019
0.887,-0.197,0.058,-8.545,0.854,-3.967
0.989,-0.137,0.071,-9.888,5.981,1.404
0.971,-0.175,0.129,-0.732,4.456,-4.883
0.980,-0.171,0.138,2.502,4.822,-4.028
1.027,-0.162,0.069,7.690,5.066,-2.869
0.974,-0.170,0.042,0.732,-0.610,-1.465
0.923,-0.160,0.096,-4.150,-0.916,7.812
1.021,-0.104,0.113,0.427,-0.488,10.742
0.993,-0.108,0.062,8.606,-0.916,1.892
0.932,-0.139,0.029,8.057,0.427,-2.441
0.937,-0.136,0.054,1.648,-1.221,2.197
0.962,-0.117,0.073,2.075,-6.165,5.188
0.960,-0.093,0.066,4.883,-8.972,3.784
0.954,-0.070,0.059,3.174,-7.874,2.747
0.966,-0.090,0.102,0.671,-2.808,4.517
0.988,-0.104,0.091,2.563,0.732,6.348
1.006,-0.092,0.094,3.113,-1.648,7.263
1.006,-0.087,0.108,1.404,-2.380,5.188
0.969,-0.090,0.099,0.366,-1.160,1.465
0.969,-0.084,0.102,-0.977,-0.183,2.808
0.996,-0.067,0.116,-0.183,1.221,2.625
0.981,-0.069,0.083,2.625,3.662,-2.258
0.951,-0.070,0.052,0.977,3.601,-3.357

1.348,0.945,0.049,-21.973,16.052,53.040
1.131,1.091,-0.187,-52.856,10.132,20.874
0.991,1.233,-0.253,-128.174,4.761,17.578
1.095,1.232,-0.113,-196.289,3.235,22.217
1.083,1.007,0.105,-224.854,14.221,-13.367
0.926,0.536,0.263,-211.548,17.151,-79.407
0.699,-0.205,0.408,-165.955,10.864,-144.958
0.390,-0.962,0.346,-119.324,1.831,-157.959
0.343,-1.229,0.211,-148.193,-4.211,-37.537
0.683,-1.172,0.333,-155.945,-18.921,24.780
1.043,-1.161,0.690,-112.183,-40.283,34.607
1.065,-1.005,0.573,-51.575,-41.443,15.869
0.917,-0.788,0.259,-11.658,-29.297,0.610
0.814,-0.602,0.070,-13.062,-26.611,23.621
0.890,-0.391,0.138,-22.034,-21.606,37.354
1.042,-0.201,0.199,-12.939,-11.902,24.170
0.966,-0.175,0.136,3.418,-6.897,0.793
0.934,-0.148,0.031,5.554,-3.601,-7.812
0.921,-0.101,0.040,-9.460,-5.676,-3.662
1.029,-0.091,0.140,-20.630,2.625,2.991
1.073,-0.122,0.181,-4.150,10.986,-18.677
0.994,-0.167,0.096,4.517,8.667,-31.128
0.912,-0.220,0.065,1.953,9.155,-23.193
0.950,-0.202,0.062,-1.648,8.301,-11.841
0.957,-0.182,0.068,-0.183,2.502,-7.812
0.953,-0.194,0.068,4.395,0.366,-8.057
0.917,-0.208,0.055,6.836,-0.977,-7.690
0.913,-0.190,0.043,2.808,-7.080,3.235
0.958,-0.164,0.078,-0.549,-8.179,7.446
1.001,-0.143,0.101,-1.221,-6.836,4.639
0.972,-0.135,0.108,0.488,-6.287,2.319
0.992,-0.129,0.101,-0.061,-1.770,3.479
0.978,-0.140,0.092,0.977,-1.831,-1.099
0.957,-0.155,0.085,0.366,-0.061,-1.526
0.957,-0.157,0.098,-0.122,0.305,0.916
0.970,-0.153,0.093,1.099,0.732,-0.122
0.925,-0.171,0.074,1.770,-1.770,-2.686
0.941,-0.167,0.097,-0.366,-0.977,3.113
0.992,-0.137,0.111,4.028,-1.221,3.418
0.958,-0.128,0.072,5.493,-3.052,-0.977

1.060,0.988,-0.134,-67.078,4.395,51.880
1.085,1.032,-0.021,-97.595,1.099,30.518
0.973,1.010,0.030,-109.070,-14.587,-3.174
1.073,0.957,-0.084,-142.700,-17.944,-29.846
1.236,0.818,-0.083,-187.744,-8.606,-96.436
0.902,0.037,0.354,-172.607,0.183,-185.791
0.434,-0.640,0.326,-98.755,-4.822,-244.263
0.005,-1.190,-0.045,-52.734,-41.504,-143.005
0.166,-1.139,-0.123,-139.771,-23.499,10.254
1.033,-0.808,0.429,-140.991,-31.128,66.345
1.128,-0.795,0.516,-80.933,-55.298,39.307
1.056,-0.598,0.310,-41.321,-52.002,12.512
0.938,-0.437,0.147,-29.724,-37.354,4.578
0.936,-0.340,0.135,-28.564,-31.738,11.414
1.001,-0.280,0.176,-34.851,-18.433,14.893
1.109,-0.243,0.194,-30.518,-11.108,-4.395
0.962,-0.318,0.195,-18.921,-15.076,-26.245
0.939,-0.316,0.145,-18.311,-9.644,-18.616
0.972,-0.244,0.111,-24.475,-6.104,-4.761
1.002,-0.222,0.187,-27.832,-1.770,0.549
1.040,-0.210,0.233,-14.832,4.211,-8.301
1.016,-0.210,0.175,-6.470,4.883,-15.503
0.937,-0.209,0.077,-9.216,4.272,-13.184
0.928,-0.177,0.056,-18.677,2.625,-3.235
0.960,-0.148,0.143,-24.902,-0.061,5.432
1.020,-0.145,0.175,-21.912,4.944,3.540
0.981,-0.166,0.112,-12.756,3.723,-12.878
0.892,-0.212,0.107,-13.245,1.099,-10.132
0.929,-0.190,0.126,-14.404,-1.282,0.977
0.996,-0.150,0.149,-15.564,0.854,3.662
0.952,-0.172,0.151,-7.385,1.282,-9.033
0.904,-0.199,0.141,-3.662,2.686,-4.761
0.951,-0.169,0.112,-3.479,0.610,-0.244
0.944,-0.171,0.116,-4.517,0.793,-1.770
0.936,-0.187,0.132,-3.784,1.648,-4.150
0.920,-0.197,0.104,1.099,-0.671,-5.249
0.923,-0.176,0.080,0.183,-4.150,3.723
0.964,-0.152,0.102,-3.113,-3.174,5.371
0.973,-0.153,0.129,-2.563,-1.953,2.014
0.985,-0.148,0.117,-1.282,0.061,2.197

1.041,1.166,-0.040,-74.402,25.574,44.250
1.084,1.344,-0.119,-102.112,17.700,43.823
1.143,1.410,-0.076,-146.729,4.517,25.330
1.279,1.138,0.111,-189.636,16.113,-28.809
1.011,0.369,0.459,-187.744,43.396,-109.619
0.722,-0.449,0.524,-126.709,55.908,-123.962
0.595,-0.875,0.178,-97.961,9.277,-106.201
0.623,-1.087,0.090,-105.164,-15.442,-52.490
0.825,-1.347,0.410,-97.229,9.033,12.329
1.103,-1.119,0.424,-56.152,-3.357,18.738
1.076,-0.738,0.210,-4.944,-23.010,-0.793
0.878,-0.329,-0.171,4.822,-24.414,-14.709
0.829,-0.209,-0.181,-13.855,-23.437,-15.503
0.803,-0.219,-0.035,-25.452,-10.742,-12.512
0.786,-0.221,0.066,-15.747,-8.667,-4.883
0.921,-0.095,0.007,-1.770,-9.399,4.150
0.968,-0.015,-0.088,-2.014,-11.536,-7.263
0.939,-0.045,-0.078,-27.832,-3.174,-23.315
0.838,-0.179,0.090,-28.870,1.892,-15.808
0.879,-0.218,0.094,-19.043,-2.930,-6.897
0.950,-0.154,0.043,-12.939,-9.338,-11.230
0.953,-0.141,0.050,-11.719,-5.920,-17.639
0.899,-0.145,0.010,-10.742,-5.066,-18.433
0.902,-0.147,0.012,-12.451,-7.202,-10.010
0.983,-0.125,0.004,-19.348,-5.432,-0.977
0.972,-0.164,0.058,-22.583,-3.235,-4.089
0.938,-0.184,0.051,-15.320,-1.526,-5.310
0.938,-0.161,0.007,-8.362,-5.737,-2.197
0.960,-0.122,-0.007,-11.658,-6.836,1.038
0.965,-0.116,0.023,-14.465,-4.761,0.244
0.969,-0.120,0.047,-9.460,-3.662,-3.967
0.962,-0.136,0.017,-1.953,-2.441,-9.521
0.941,-0.142,-0.011,0.488,-4.761,-11.230
0.955,-0.131,-0.011,-6.836,-8.118,0.061
0.996,-0.112,0.012,-8.850,-7.263,-1.160
0.980,-0.128,0.050,-5.798,-6.409,-6.287
0.990,-0.131,0.065,-0.549,-5.737,-8.423
0.986,-0.122,0.031,3.357,-4.822,-10.132
0.965,-0.107,0.016,1.282,-4.028,-9.216
0.958,-0.124,0.040,-2.136,-2.136,-4.456

1.005,1.200,0.030,-117.310,49.255,48.523
1.031,1.234,-0.066,-154.846,50.171,1.709
0.935,1.178,-0.103,-178.467,41.992,-49.072
0.912,0.879,0.043,-178.040,32.227,-112.549
0.614,-0.594,0.422,-162.354,23.071,-164.124
0.275,-1.232,0.317,-157.104,31.189,-110.168
0.543,-1.180,0.123,-134.521,1.465,-30.090
0.928,-1.193,0.081,-116.089,-42.053,-3.174
0.908,-1.236,0.260,-126.831,-43.457,-2.747
0.849,-1.175,0.358,-102.356,-37.048,5.127
0.834,-0.925,0.191,-58.777,-44.006,24.170
0.864,-0.647,0.037,-39.551,-50.354,40.222
0.983,-0.456,0.101,-40.588,-44.861,47.791
1.086,-0.354,0.137,-26.489,-25.024,21.729
0.933,-0.339,0.134,-17.822,-23.499,13.794
0.902,-0.254,0.077,-9.094,-18.677,18.860
1.002,-0.117,0.056,-10.498,-10.071,23.437
1.051,-0.037,0.068,-7.263,-5.066,6.958
1.031,-0.038,0.081,-3.845,2.197,-11.719
0.956,-0.102,0.081,-1.343,5.981,-23.071
0.893,-0.164,0.058,-2.014,5.493,-17.517
0.928,-0.153,0.048,-4.761,5.493,-12.268
0.946,-0.129,0.055,-5.676,1.465,-14.282
0.911,-0.119,0.073,-5.859,1.160,-12.268
0.913,-0.102,0.041,-5.554,-0.366,-7.080
0.918,-0.083,0.033,-11.414,-1.831,-2.136
0.949,-0.107,0.086,-15.137,-0.122,0.488
0.972,-0.136,0.093,-10.071,1.343,-5.005
0.929,-0.171,0.095,-4.761,-0.305,-8.972
0.958,-0.161,0.075,-5.188,0.549,-3.357
0.955,-0.163,0.060,-7.629,-1.465,-4.333
0.928,-0.187,0.091,-6.531,-2.502,-2.319
0.934,-0.182,0.084,-1.770,-1.099,-2.197
0.927,-0.180,0.062,0.732,-2.991,-2.136
0.929,-0.188,0.076,1.648,-1.343,-0.427
0.935,-0.169,0.046,3.174,-4.333,0.732
0.962,-0.144,0.058,2.930,-4.700,4.211
0.986,-0.115,0.017,-0.305,-1.770,4.700
0.947,-0.127,0.067,-3.906,-5.310,3.845
0.984,-0.122,0.065,-4.822,-2.258,8.606

1.168,0.684,0.245,7.751,13.123,6.165
1.085,0.801,0.131,-1.709,17.578,-2.991
0.948,1.004,0.025,-42.053,23.743,13.855
0.935,1.281,0.114,-88.562,24.170,56.335
1.143,1.421,0.087,-128.601,34.607,67.749
1.182,1.340,0.049,-174.927,37.109,15.137
0.947,0.849,0.241,-193.909,24.536,-68.237
0.623,-0.018,0.386,-174.499,22.766,-128.418
0.306,-0.625,0.208,-144.348,8.728,-137.634
0.297,-0.879,-0.045,-152.771,-17.822,-97.595
0.613,-1.156,0.263,-188.232,-23.193,-38.208
0.889,-1.554,0.681,-139.404,-46.875,8.362
1.184,-1.466,0.838,-74.768,-50.781,18.311
1.268,-1.110,0.526,-22.278,-40.405,2.380
0.883,-0.738,0.167,-19.165,-23.987,5.859
0.940,-0.439,0.164,-27.893,-4.883,32.471
0.964,-0.239,0.149,-8.911,-4.700,32.288
0.955,-0.116,0.061,5.554,-1.038,18.677
0.918,-0.056,-0.008,7.568,2.747,4.761
0.831,-0.049,-0.033,1.709,0.183,-2.991
0.863,-0.040,0.015,-10.132,-1.221,8.667
0.934,-0.008,0.077,-15.137,1.892,12.024
0.962,-0.016,0.121,-10.071,2.991,3.296
0.967,-0.045,0.140,-3.052,8.423,-7.812
0.910,-0.091,0.079,2.014,8.118,-18.616
0.866,-0.105,0.031,-8.545,2.441,-8.118
0.886,-0.082,0.123,-14.954,1.160,4.395
0.984,-0.059,0.186,-4.578,6.165,1.038
0.980,-0.025,0.104,4.822,3.113,-15.198
0.899,-0.052,0.071,3.113,3.540,-15.625
0.900,-0.064,0.043,-2.075,0.305,-10.132
0.895,-0.069,0.036,-10.254,-4.272,-4.089
0.908,-0.068,0.090,-12.573,-3.418,4.395
0.965,-0.047,0.100,-8.484,-3.540,-0.061
0.965,-0.064,0.099,-3.967,-3.113,-6.714
0.948,-0.081,0.086,-3.906,-3.113,-10.315
0.918,-0.105,0.092,-6.104,-2.991,-8.850
0.927,-0.135,0.100,-5.493,-1.038,-7.629
0.897,-0.143,0.092,-0.610,-2.869,-10.132
0.895,-0.119,0.063,1.099,-6.287,-4.639

0.959,1.388,-0.176,-133.667,5.798,111.511
1.052,1.552,-0.278,-187.134,-9.094,55.420
0.975,1.316,-0.105,-192.139,-24.536,-44.678
0.831,0.786,0.220,-170.227,-23.071,-131.653
0.599,-0.371,0.340,-136.230,0.610,-178.894
0.456,-1.076,0.304,-126.953,17.212,-166.321
0.479,-1.273,0.326,-136.475,-16.541,-39.001
0.830,-1.116,0.403,-98.877,-45.288,8.606
1.117,-0.875,0.396,-58.594,-60.669,1.587
1.010,-0.690,0.292,-38.452,-47.180,-10.254
0.926,-0.521,0.172,-19.836,-29.175,-11.108
0.872,-0.447,0.136,-13.550,-26.428,-0.061
0.952,-0.234,0.101,-10.620,-24.597,5.920
0.984,-0.164,0.113,-5.554,-18.616,-3.174
1.007,-0.113,0.039,-1.038,-11.475,-22.278
0.887,-0.117,-0.003,-4.272,-10.925,-25.208
0.895,-0.143,0.040,-7.568,-10.010,-11.353
0.947,-0.130,0.046,-9.277,-9.094,-6.348
0.957,-0.095,0.081,-5.981,-7.019,-11.719
0.993,-0.078,0.074,-1.221,-2.625,-20.142
0.904,-0.116,0.026,0.244,-4.456,-24.780
0.912,-0.117,0.030,-4.456,-6.836,-13.977
0.974,-0.102,0.066,-11.475,-6.287,-3.967
0.966,-0.098,0.091,-11.108,-6.042,-3.967
0.999,-0.078,0.069,-5.798,-4.211,-0.488
1.030,-0.070,0.030,-8.118,-1.953,-1.892
0.978,-0.087,0.072,-18.188,-2.075,-6.836
0.967,-0.126,0.135,-12.695,3.967,-6.958
0.976,-0.155,0.130,0.854,0.854,-9.705
0.953,-0.135,0.040,4.822,-2.625,-7.812
0.927,-0.126,0.056,-3.296,-2.441,-3.357
0.946,-0.117,0.107,-7.202,-2.014,4.395
0.998,-0.090,0.121,-0.549,-1.221,3.662
0.965,-0.097,0.077,3.967,-2.136,-5.249
0.934,-0.106,0.062,2.991,-1.831,-4.578
0.946,-0.099,0.083,1.099,-2.747,1.343
0.975,-0.094,0.089,0.977,-2.319,4.333
0.959,-0.086,0.078,-0.732,-6.592,4.761
0.958,-0.084,0.112,-2.258,-3.296,7.874
1.003,-0.067,0.118,-0.610,0.000,2.869

1.254,1.217,0.063,-121.521,17.883,84.412
1.296,1.450,0.010,-192.261,18.799,40.466
1.220,1.403,0.050,-218.140,20.874,-48.523
0.903,0.996,0.255,-218.811,19.653,-125.244
0.600,0.370,0.300,-194.763,8.850,-179.138
0.324,-0.269,0.240,-167.908,-9.644,-214.905
0.148,-0.871,0.218,-201.355,14.343,-181.030
0.296,-1.354,0.492,-199.219,27.832,-75.378
0.610,-1.657,0.716,-119.141,-9.766,-42.969
0.704,-1.400,0.387,-47.180,-36.377,-27.954
0.708,-1.098,0.152,-27.405,-35.522,-2.014
0.739,-0.845,0.192,-27.893,-34.546,25.146
0.842,-0.597,0.221,-10.864,-40.955,51.575
1.018,-0.254,0.138,-3.174,-35.583,46.814
1.020,-0.156,0.120,1.404,-27.832,30.762
0.978,-0.124,0.148,5.737,-21.912,16.846
0.988,-0.085,0.079,5.615,-12.146,14.282
1.062,-0.092,0.137,3.174,-7.446,14.709
1.070,-0.087,0.130,5.737,-2.075,-9.399
0.974,-0.135,0.112,5.798,3.601,-17.822
0.951,-0.188,0.077,5.920,4.456,-14.954
0.932,-0.178,0.059,3.052,1.282,-10.681
0.908,-0.165,0.080,-2.380,2.991,0.488
0.951,-0.140,0.070,0.610,0.427,0.244
0.929,-0.166,0.081,1.770,-3.052,-6.531
0.886,-0.173,0.114,-1.892,-6.104,-3.906
0.970,-0.164,0.101,-4.517,-0.183,6.287
0.946,-0.170,0.066,-4.272,-4.822,-1.221
0.882,-0.184,0.115,-4.211,-2.441,7.446
0.977,-0.135,0.100,-0.977,-1.282,5.920
0.954,-0.168,0.109,2.625,-3.662,-4.395
0.941,-0.180,0.089,1.831,-0.366,-5.554
0.922,-0.200,0.099,1.282,-0.793,-4.761
0.916,-0.204,0.072,0.977,-1.770,-0.549
0.921,-0.176,0.056,-3.479,-5.859,7.324
0.947,-0.158,0.103,-4.578,-6.409,6.348
0.931,-0.136,0.089,-2.441,-7.690,4.761
0.958,-0.137,0.159,-1.831,-5.676,8.667
1.025,-0.111,0.126,4.272,0.610,6.226
0.974,-0.144,0.101,5.371,-1.099,-5.615

1.160,0.725,0.438,-43.274,13.428,27.649
1.215,1.038,0.404,-57.434,34.424,43.213
1.262,1.376,0.115,-95.764,33.081,16.907
1.288,1.490,-0.064,-148.315,32.410,-56.030
0.981,0.694,0.335,-180.725,44.189,-142.212
0.584,-0.154,0.592,-177.612,72.754,-183.289
0.364,-0.864,0.421,-138.428,87.402,-163.513
0.307,-1.172,-0.047,-118.103,60.608,-113.037
0.377,-1.287,-0.057,-160.706,19.653,-5.432
0.680,-1.315,0.266,-136.597,1.770,33.630
0.973,-1.178,0.401,-75.867,-14.526,12.939
0.771,-0.871,0.058,-32.898,-16.968,-12.756
0.755,-0.728,-0.051,-38.147,-11.841,0.000
0.834,-0.589,0.051,-49.194,-11.780,20.996
0.845,-0.473,0.099,-24.170,-17.578,25.757
0.889,-0.316,0.039,-11.414,-12.451,23.560
0.920,-0.167,-0.022,-5.981,-7.202,14.465
0.936,-0.141,-0.020,-6.287,-2.930,7.629
0.927,-0.128,-0.005,-7.324,3.174,-4.517
0.894,-0.167,-0.002,-4.028,1.343,-7.507
0.860,-0.201,-0.020,-4.639,-2.991,-5.249
0.900,-0.184,0.017,-7.629,-3.235,3.540
0.956,-0.143,0.032,-8.362,-3.601,6.165
0.953,-0.135,0.041,-7.019,-6.104,3.235
0.949,-0.128,0.040,-7.568,-4.517,0.977
0.949,-0.151,0.061,-6.775,-1.099,-3.662
0.941,-0.159,0.070,-3.357,-1.221,-5.249
0.930,-0.146,0.005,-2.747,-4.395,-5.798
0.908,-0.163,0.048,-7.141,-8.484,-3.296
0.980,-0.154,0.068,-7.935,-1.709,-0.732
0.974,-0.170,0.078,-3.723,-1.709,-5.920
0.965,-0.182,0.067,-2.136,-0.549,-7.507
0.949,-0.200,0.060,-2.136,-2.441,-6.897
0.963,-0.183,0.060,-2.686,-2.075,-2.258
0.955,-0.177,0.047,-2.319,-0.427,-2.197
0.930,-0.192,0.032,-2.014,-1.770,-3.296
0.937,-0.187,0.050,-1.465,-5.066,1.648
0.964,-0.162,0.069,0.244,-4.089,2.075
0.956,-0.153,0.050,0.305,-1.587,1.770
0.957,-0.157,0.059,0.122,-2.686,1.526

1.098,1.029,0.043,-72.449,27.283,55.420
1.085,1.232,-0.071,-112.000,41.199,44.617
1.063,1.342,-0.115,-155.151,47.302,8.179
1.003,1.082,-0.013,-172.913,45.044,-61.096
0.815,0.347,0.123,-170.044,42.053,-146.545
0.238,-0.794,0.111,-156.860,32.776,-164.551
0.015,-1.368,0.061,-197.632,-0.122,27.710
0.547,-1.028,0.197,-182.617,-30.212,114.990
1.338,-0.777,0.409,-105.591,-56.824,55.298
0.999,-0.786,0.370,-51.575,-49.377,-16.907
0.769,-0.611,0.086,-23.743,-25.574,-18.005
0.802,-0.442,0.009,-20.325,-36.621,12.512
0.975,-0.310,0.140,-26.306,-40.283,29.663
1.014,-0.231,0.176,-17.639,-30.518,16.174
0.990,-0.200,0.121,-1.831,-18.799,1.221
0.929,-0.176,0.055,7.019,-15.869,-2.197
0.889,-0.111,0.006,-2.197,-17.700,9.583
0.936,-0.044,0.035,-13.428,-9.094,17.090
1.005,-0.010,0.088,-8.362,-2.869,4.150
0.941,-0.035,0.067,1.953,-2.014,-11.841
0.910,-0.041,0.018,8.606,-1.587,-16.663
0.891,-0.045,-0.020,5.127,-2.441,-14.099
0.889,-0.032,0.029,-2.808,-4.944,-6.775
0.937,-0.012,0.074,-3.357,-6.836,0.793
1.003,0.023,0.055,0.244,-4.150,-2.136
0.951,0.002,0.028,3.662,-7.446,-13.428
0.922,-0.011,0.023,-4.883,-6.348,-8.179
0.932,-0.025,0.062,-6.775,-5.615,-1.587
0.978,-0.026,0.074,-3.662,-5.981,-3.479
0.974,-0.036,0.082,0.183,-5.615,-8.606
0.969,-0.046,0.077,1.465,-4.211,-11.108
0.958,-0.053,0.062,-0.977,-5.127,-10.132
0.956,-0.055,0.071,-4.456,-6.165,-5.188
0.972,-0.052,0.089,-5.920,-4.944,-1.953
0.973,-0.056,0.101,-4.089,-4.211,-3.113
0.977,-0.051,0.094,-1.404,-3.784,-3.662
0.985,-0.041,0.093,-0.305,-3.601,-3.418
0.970,-0.036,0.092,0.488,-3.845,-3.296
0.985,-0.029,0.093,0.122,-0.183,0.488
1.001,-0.005,0.077,0.305,0.671,0.610

1.163,1.498,-0.016,-108.093,23.132,124.634
1.368,1.531,0.011,-137.939,19.470,73.547
1.103,1.020,0.109,-145.935,8.972,-28.381
0.785,0.362,0.097,-159.119,15.869,-86.121
0.548,-0.416,0.156,-145.020,57.373,-84.717
0.418,-1.226,0.171,-95.459,16.602,-48.340
0.745,-1.016,-0.190,-88.196,-38.147,-26.978
0.859,-0.965,0.034,-91.187,-60.242,-19.165
0.829,-1.023,0.371,-67.932,-55.115,-12.390
0.911,-0.750,0.314,6.104,-58.472,-6.592
0.946,-0.462,0.104,8.301,-58.655,-10.437
0.969,-0.316,0.002,-20.569,-35.889,-6.836
0.934,-0.319,0.166,-24.780,-23.682,-0.427
1.061,-0.165,0.273,-3.967,-12.939,0.244
1.057,-0.054,0.078,15.686,3.235,-20.386
0.937,-0.034,-0.063,14.099,9.521,-35.278
0.931,-0.051,-0.069,0.244,12.085,-31.250
0.950,-0.126,0.022,-8.118,18.066,-31.189
0.925,-0.185,0.020,-2.014,16.113,-34.424
0.928,-0.189,-0.062,4.089,10.864,-30.212
0.915,-0.187,-0.087,-6.409,5.920,-14.282
0.945,-0.192,-0.047,-10.376,3.845,-6.653
0.957,-0.226,0.017,-2.136,1.465,-5.554
0.973,-0.178,-0.017,3.052,-2.991,-2.197
0.981,-0.108,-0.033,1.404,-1.770,-1.770
0.967,-0.117,-0.024,-0.183,-1.160,-2.869
0.996,-0.099,-0.024,-0.061,-1.709,1.221
1.016,-0.089,-0.013,-0.854,-0.183,0.366
0.980,-0.121,0.031,3.723,2.869,-6.470
0.974,-0.126,-0.001,5.554,3.784,-5.371
0.968,-0.117,-0.027,0.488,0.916,-1.892
0.948,-0.136,0.002,-2.808,-0.854,-0.366
0.935,-0.130,0.022,-1.648,-0.793,3.174
0.982,-0.107,0.025,1.770,1.404,2.869
0.939,-0.124,-0.016,4.517,-0.366,-4.028
0.917,-0.122,-0.019,0.671,0.183,-2.014
0.950,-0.106,-0.015,-2.686,-0.549,0.916
0.948,-0.117,0.014,0.549,-2.930,-4.333
0.936,-0.116,0.013,2.625,-2.930,-4.272
0.958,-0.099,0.006,2.258,-0.732,-2.014

1.155,1.000,0.114,-77.515,20.020,100.403
1.341,1.392,0.025,-139.893,38.818,106.567
1.423,1.513,-0.030,-181.824,39.917,43.152
1.224,1.187,0.050,-213.562,49.744,-36.560
0.916,0.704,0.000,-239.563,67.444,-121.582
0.388,-0.069,0.084,-249.145,57.373,-179.321
-0.050,-0.883,0.261,-231.384,34.729,-158.020
0.157,-1.308,0.219,-203.064,18.005,-68.420
0.536,-1.401,0.278,-176.941,-27.771,-5.920
0.900,-1.326,0.523,-153.442,-52.490,36.987
0.952,-1.124,0.592,-109.009,-41.748,26.123
0.851,-0.943,0.400,-60.791,-38.208,22.949
0.851,-0.693,0.201,-36.621,-37.231,34.363
0.916,-0.460,0.151,-32.043,-28.992,41.931
0.970,-0.308,0.092,-19.287,-14.038,22.461
0.883,-0.277,0.037,-9.155,-9.155,5.981
0.815,-0.262,-0.067,-2.014,-4.578,2.136
0.857,-0.193,-0.130,-9.216,-10.010,16.418
0.937,-0.124,-0.013,-10.559,-8.362,14.832
0.974,-0.095,-0.035,-4.456,-6.836,5.005
0.947,-0.114,-0.047,-1.465,-7.507,-3.479
0.950,-0.135,-0.029,-5.676,-8.118,0.793
0.989,-0.119,-0.008,-4.456,-11.169,3.540
0.986,-0.118,0.025,-2.991,-13.184,2.441
0.978,-0.132,0.078,-4.517,-12.451,3.784
1.009,-0.118,0.083,-4.211,-6.165,4.822
1.005,-0.111,0.054,-3.052,-4.944,2.380
0.984,-0.120,0.058,-5.615,-1.892,-0.488
0.957,-0.154,0.073,-3.052,-1.160,0.366
0.965,-0.131,0.065,-3.906,-1.160,0.854
0.968,-0.128,0.085,-2.991,1.831,2.258
0.973,-0.112,0.043,1.709,3.723,-1.709
0.930,-0.134,0.060,2.319,3.601,-5.798
0.922,-0.131,0.027,2.319,4.333,-3.418
0.910,-0.124,0.023,0.427,1.099,-0.244
0.937,-0.096,0.032,-1.404,0.488,2.808
0.948,-0.089,0.021,0.305,0.061,-0.122
0.927,-0.108,0.027,1.160,-1.648,-3.296
0.935,-0.115,0.030,0.793,-2.014,-0.366
0.942,-0.111,0.043,1.160,-4.150,-0.061

1.127,1.444,-0.047,-105.225,13.733,127.502
1.481,1.721,-0.035,-159.912,10.437,111.877
1.421,1.549,0.081,-190.369,18.066,10.986
1.073,1.159,0.167,-194.397,26.855,-93.262
0.816,0.586,0.168,-176.270,39.490,-176.880
0.424,-0.269,0.168,-146.545,20.996,-166.321
0.343,-1.198,0.162,-135.803,3.662,-89.233
0.799,-1.150,0.189,-157.104,4.944,-24.902
0.878,-1.218,0.327,-121.704,-10.742,-25.269
0.705,-1.190,0.300,-55.237,-32.715,-17.090
0.823,-0.792,0.081,-43.213,-29.846,0.000
0.861,-0.636,0.114,-37.292,-35.828,0.488
0.895,-0.484,0.121,-22.095,-30.884,-3.723
0.839,-0.385,0.082,3.113,-23.926,-3.906
0.881,-0.257,0.022,0.000,-22.217,5.066
1.007,-0.154,0.015,-10.010,-18.188,4.395
0.977,-0.165,0.093,-14.221,-5.066,0.183
0.984,-0.151,0.014,-6.836,3.113,-0.427
0.977,-0.104,-0.035,-5.127,0.000,-6.042
0.927,-0.127,-0.018,-9.155,1.465,-14.221
0.914,-0.149,-0.018,-8.423,1.282,-11.047
0.929,-0.143,-0.021,-8.728,-1.404,-9.155
0.918,-0.157,0.001,-9.949,-2.686,-9.033
0.917,-0.183,0.042,-6.653,-3.357,-6.409
0.944,-0.158,-0.008,-1.099,-7.141,-6.104
0.894,-0.177,-0.004,-6.165,-8.118,-0.793
0.920,-0.184,0.011,-7.690,-7.263,5.981
0.939,-0.178,0.035,-4.944,-12.390,4.639
0.950,-0.169,0.053,-3.174,-9.399,6.531
1.014,-0.126,0.024,-1.953,-5.737,7.202
0.983,-0.159,0.059,0.854,-3.479,-1.404
0.972,-0.173,0.040,0.549,-1.099,2.136
0.985,-0.146,0.021,-1.526,-2.319,3.235
0.954,-0.164,0.049,-2.075,-2.319,2.075
0.949,-0.160,0.049,-0.366,-0.732,4.578
0.974,-0.126,0.022,1.160,-0.183,7.324
0.958,-0.130,0.032,3.540,-0.427,5.920
0.961,-0.128,0.016,4.272,-0.854,5.859
0.948,-0.123,0.024,3.723,-2.563,6.653
0.969,-0.111,0.053,2.136,0.244,9.766

1.011,1.310,-0.092,-33.386,48.523,53.223
1.036,1.690,-0.235,-106.628,59.570,56.580
1.060,1.870,-0.277,-158.936,26.794,10.986
1.148,1.502,-0.005,-211.487,15.381,-57.251
1.016,0.838,0.354,-228.699,30.029,-144.958
0.559,-0.399,0.488,-192.749,36.987,-220.032
0.069,-1.495,0.332,-155.212,22.644,-175.537
0.399,-1.425,0.267,-165.833,6.897,-25.452
1.126,-1.058,0.336,-148.987,-4.333,42.480
1.197,-0.978,0.441,-66.650,-39.734,-10.010
0.932,-0.919,0.326,-29.663,-30.518,-24.902
0.746,-0.847,0.145,-15.503,-35.522,-10.681
0.803,-0.579,0.105,-18.066,-35.095,22.339
0.971,-0.374,0.120,-8.545,-27.649,31.189
0.985,-0.245,0.063,6.714,-22.278,11.597
0.881,-0.209,-0.011,13.245,-19.470,-6.714
0.892,-0.169,-0.017,3.479,-14.954,6.226
0.984,-0.109,0.030,-7.874,-8.850,10.803
0.978,-0.121,0.082,-4.639,-5.859,-0.854
0.978,-0.124,0.044,8.545,-2.197,-14.893
0.936,-0.122,-0.014,6.836,-2.014,-16.113
0.914,-0.123,-0.018,-1.404,0.122,-10.010
0.949,-0.127,0.014,-5.371,0.000,-6.165
0.943,-0.143,0.042,-3.113,-2.747,-6.531
0.920,-0.146,0.014,-3.052,-4.456,-1.892
0.926,-0.138,0.043,-7.996,-6.653,4.578
0.961,-0.128,0.059,-7.629,-3.784,5.310
0.941,-0.106,-0.014,-4.944,-8.118,2.197
0.922,-0.105,0.016,-11.108,-10.132,4.944
0.959,-0.128,0.078,-7.812,-5.859,4.333
0.978,-0.156,0.061,-0.610,-4.028,-3.052
0.955,-0.147,0.037,0.122,-3.662,-5.005
0.951,-0.149,0.043,-2.014,-5.127,-2.930
0.968,-0.145,0.063,-3.540,-4.822,0.000
0.969,-0.146,0.067,-1.160,-2.441,-1.831
0.952,-0.152,0.069,2.869,-1.282,-2.625
0.956,-0.141,0.044,5.859,-1.953,-1.831
0.945,-0.135,0.036,4.761,-1.953,-0.549
0.960,-0.123,0.040,2.747,-1.953,1.892
0.972,-0.115,0.055,2.502,-3.235,2.991

1.169,0.983,0.108,-54.077,21.057,39.551
1.307,1.378,0.068,-99.976,36.865,60.730
1.279,1.578,-0.017,-136.780,41.260,39.795
1.274,1.679,-0.039,-199.707,51.514,-8.423
1.250,1.287,0.165,-240.540,73.608,-100.891
0.837,0.406,0.371,-236.755,89.050,-216.248
0.203,-0.634,0.406,-201.660,86.548,-257.751
-0.010,-1.360,0.288,-167.297,70.190,-189.392
0.213,-1.637,0.270,-147.461,40.710,-83.679
0.578,-1.571,0.325,-129.456,8.362,-7.141
0.824,-1.350,0.342,-103.271,-13.000,19.043
0.711,-1.187,0.290,-62.805,-25.635,10.681
0.632,-0.958,0.157,-29.297,-29.663,21.423
0.776,-0.664,0.030,-15.564,-28.259,43.884
0.861,-0.442,-0.033,-9.766,-31.555,46.082
0.911,-0.329,-0.010,-11.169,-28.015,40.466
0.941,-0.282,0.019,-10.376,-17.822,27.344
0.932,-0.267,-0.027,-1.526,-14.038,13.916
0.917,-0.226,-0.055,-1.404,-10.559,11.292
0.935,-0.196,-0.049,-8.423,-1.709,9.033
0.938,-0.215,-0.030,-4.639,4.944,-2.258
0.926,-0.216,-0.069,-0.366,4.150,-9.766
0.864,-0.249,-0.085,-1.343,0.977,-12.695
0.864,-0.253,-0.076,-4.517,-1.770,-7.629
0.876,-0.247,-0.040,-6.409,-3.906,-1.587
0.907,-0.224,-0.024,-4.944,-3.174,1.709
0.927,-0.213,-0.042,-3.601,-4.517,-2.502
0.892,-0.223,-0.033,-2.991,-6.653,-3.052
0.896,-0.225,-0.048,-4.395,-7.141,1.892
0.917,-0.205,-0.042,-8.728,-8.850,6.897
0.981,-0.193,0.006,-9.216,-6.592,3.601
0.968,-0.202,0.014,-2.258,-8.118,-5.798
0.946,-0.241,0.016,2.197,-4.822,-2.991
0.961,-0.221,-0.024,-0.183,-4.822,0.061
0.955,-0.242,0.019,-3.540,-1.221,0.244
0.949,-0.260,0.004,-0.244,-2.747,-2.014
0.935,-0.266,-0.003,0.610,-3.723,-0.061
0.914,-0.257,-0.008,1.038,-5.249,4.883
0.969,-0.218,0.015,1.892,-6.165,8.789
0.995,-0.201,0.008,3.845,-3.357,4.089

1.234,0.960,0.288,-41.504,6.470,49.072
1.395,1.362,0.120,-82.520,32.043,53.345
1.306,1.481,-0.003,-125.671,48.157,1.831
1.057,1.274,0.031,-157.349,38.635,-67.017
0.970,0.886,0.183,-188.721,43.213,-127.808
0.811,0.148,0.339,-196.167,54.565,-188.904
0.376,-0.980,0.518,-191.040,63.904,-217.651
0.068,-1.593,0.594,-167.969,69.458,-145.935
0.377,-1.571,0.363,-121.277,51.453,-42.908
0.739,-1.369,0.237,-89.783,17.578,6.897
0.784,-1.149,0.211,-71.106,-2.747,11.719
0.665,-0.991,0.160,-47.241,-9.949,7.812
0.713,-0.732,0.092,-31.250,-8.179,28.687
0.857,-0.471,-0.015,-20.630,-13.550,39.307
0.831,-0.352,-0.058,-18.860,-23.193,24.841
0.821,-0.307,-0.017,-23.682,-20.325,18.677
0.881,-0.269,0.008,-20.386,-17.517,16.785
0.883,-0.252,0.052,-14.099,-12.268,12.939
0.948,-0.216,0.034,-14.954,-2.197,10.315
0.989,-0.186,0.003,-18.738,2.258,-1.892
0.929,-0.248,0.021,-15.015,2.686,-10.559
0.883,-0.310,0.020,-12.268,2.502,-8.667
0.859,-0.321,0.014,-10.498,0.244,-3.174
0.876,-0.292,0.005,-9.277,-3.296,3.967
0.926,-0.248,0.024,-9.644,-3.235,5.981
0.904,-0.251,0.052,-5.432,-4.150,1.465
0.906,-0.235,0.009,-2.014,-4.700,3.174
0.921,-0.220,0.018,-2.930,-7.446,5.676
0.948,-0.219,0.045,-2.625,-5.005,2.747
0.923,-0.219,0.035,-1.953,-7.141,0.732
0.948,-0.216,0.072,-3.784,-6.470,5.676
0.969,-0.199,0.065,-2.319,-3.235,4.883
0.924,-0.207,0.043,0.305,-5.676,0.732
0.925,-0.205,0.062,-2.869,-3.357,3.967
0.944,-0.203,0.085,-1.526,-2.197,2.075
0.957,-0.198,0.073,-1.709,-0.549,2.380
0.957,-0.194,0.075,0.488,-1.709,0.610
0.942,-0.192,0.066,2.197,-1.343,-1.343
0.922,-0.192,0.067,3.174,-1.892,1.831
0.957,-0.169,0.056,2.319,-1.160,3.784

1.007,0.988,0.076,-88.318,24.170,68.481
1.102,1.335,0.077,-172.180,31.738,97.534
1.338,1.598,0.154,-204.834,31.677,54.687
1.388,1.578,0.286,-214.905,39.490,-47.424
1.075,1.191,0.309,-212.341,50.781,-148.376
0.582,0.617,0.272,-200.195,50.171,-195.862
0.160,-0.604,0.227,-189.453,54.077,-178.162
0.160,-1.161,0.146,-169.800,45.532,-124.329
0.428,-1.441,0.113,-150.879,-4.883,-69.031
0.670,-1.514,0.290,-155.823,-32.410,-15.137
0.809,-1.386,0.486,-105.347,-49.866,30.396
1.067,-1.090,0.387,-55.664,-41.382,23.010
1.023,-0.886,0.147,-32.227,-39.978,5.554
0.830,-0.576,0.048,-28.198,-40.466,21.729
0.926,-0.320,0.043,-20.325,-38.513,38.025
0.983,-0.178,0.033,-8.789,-33.447,33.020
1.062,-0.063,-0.038,-14.954,-13.794,14.404
1.089,-0.036,-0.018,-23.071,-4.822,-4.578
1.024,-0.104,0.068,-19.348,5.676,-17.883
0.929,-0.150,-0.007,-10.681,8.606,-20.508
0.912,-0.129,-0.069,-13.489,5.188,-20.508
0.934,-0.125,-0.016,-18.188,5.798,-22.034
0.917,-0.194,0.069,-12.451,6.958,-25.085
0.883,-0.209,0.018,-4.456,5.432,-21.301
0.902,-0.171,-0.024,-5.188,0.427,-12.146
0.922,-0.154,-0.010,-16.174,-2.686,-5.737
0.937,-0.155,0.042,-16.418,-5.005,-7.080
0.934,-0.203,0.119,-7.019,-2.625,-5.188
0.976,-0.163,0.042,1.099,-2.930,-8.423
0.929,-0.187,0.034,0.305,-2.258,-13.367
0.929,-0.190,0.040,-2.136,-1.465,-9.155
0.945,-0.179,0.038,-1.221,-1.709,-4.272
0.927,-0.188,0.055,0.977,-1.099,-4.211
0.952,-0.168,0.040,1.465,0.122,-2.014
0.972,-0.157,0.032,-0.610,2.014,-4.395
0.917,-0.193,0.034,0.488,1.160,-7.568
0.927,-0.188,0.026,1.648,-0.488,-1.282
0.972,-0.146,0.017,0.366,-0.977,1.648
0.955,-0.146,0.019,-1.038,0.916,-3.784
0.926,-0.177,0.036,-0.305,2.563,-3.052

1.402,0.840,-0.015,-102.417,33.691,97.656
1.476,1.029,-0.097,-129.883,45.349,79.468
1.392,1.008,-0.145,-146.729,49.255,27.771
1.128,0.683,-0.078,-158.020,50.903,-43.213
0.683,0.262,0.044,-164.734,42.908,-80.872
0.601,-0.057,0.083,-159.058,43.213,-62.134
0.725,-0.345,0.174,-132.996,26.733,-54.749
0.663,-0.762,0.211,-112.488,6.531,-74.890
0.356,-1.052,0.288,-118.286,6.531,-62.317
0.450,-0.984,0.235,-101.135,-1.404,13.733
0.722,-0.774,0.143,-88.684,-8.301,25.330
0.846,-0.681,0.090,-71.228,-8.484,9.644
0.759,-0.674,0.093,-57.739,-2.197,0.732
0.700,-0.543,-0.022,-31.555,-4.395,5.615
0.744,-0.383,-0.129,-12.573,-7.690,20.569
0.833,-0.209,-0.206,-5.859,-10.803,27.710
0.885,-0.120,-0.222,-6.348,-12.268,10.864
0.901,-0.135,-0.180,-7.385,-8.667,2.319
0.899,-0.130,-0.136,-3.296,-7.935,2.625
0.922,-0.097,-0.163,0.977,-8.850,7.141
1.004,-0.027,-0.133,-5.127,-9.888,16.113
1.075,0.006,-0.075,-7.446,-2.686,2.014
1.000,-0.049,-0.069,-3.174,-1.953,-7.935
0.899,-0.112,-0.089,0.610,-0.427,-8.789
0.935,-0.086,-0.117,-3.174,0.793,2.991
0.956,-0.059,-0.099,-3.906,-1.282,3.784
0.932,-0.066,-0.072,-3.357,-2.441,0.488
0.967,-0.057,-0.083,-2.625,2.197,-0.305
0.947,-0.063,-0.083,1.160,0.427,-7.080
0.929,-0.080,-0.080,0.488,2.563,-6.409
0.952,-0.083,-0.072,2.075,2.441,-5.310
0.941,-0.082,-0.093,5.127,2.075,-6.470
0.913,-0.091,-0.115,3.662,-0.305,-4.822
0.914,-0.090,-0.098,2.319,-0.671,0.427
0.943,-0.086,-0.074,5.066,-0.427,1.526
0.926,-0.093,-0.095,6.958,-0.732,0.183
0.925,-0.091,-0.101,8.789,-3.113,3.357
0.978,-0.054,-0.090,9.033,-3.601,8.057
0.981,-0.050,-0.092,8.057,-0.854,1.160
0.942,-0.082,-0.084,8.972,-0.427,0.549

1.071,1.179,0.091,-150.513,-3.357,15.198
1.152,1.295,0.083,-214.722,2.136,-44.556
1.165,1.028,0.192,-234.375,14.709,-127.808
0.726,-0.235,0.447,-226.074,25.818,-191.345
0.386,-1.077,0.539,-205.749,34.424,-155.457
0.519,-1.022,0.432,-173.706,23.743,-56.946
0.940,-0.797,0.225,-99.915,-15.198,-34.363
0.931,-0.839,0.177,-92.224,-15.686,-53.589
0.785,-0.906,0.240,-78.613,-10.559,-45.532
0.783,-0.813,0.153,-57.556,-8.728,-19.653
0.833,-0.631,0.059,-39.429,-19.653,-1.160
0.906,-0.484,0.045,-34.119,-22.583,5.188
0.921,-0.408,0.035,-29.297,-13.855,-6.042
0.873,-0.421,0.064,-21.790,-10.498,-3.479
0.885,-0.355,0.056,-16.541,-7.874,0.793
0.932,-0.288,0.034,-13.367,-4.822,2.991
0.950,-0.248,0.062,-9.460,-1.892,-4.822
0.896,-0.257,0.044,-3.296,-2.441,-11.719
0.878,-0.227,0.019,-2.869,-3.906,-4.883
0.946,-0.176,0.036,-10.193,-1.221,6.470
0.978,-0.178,0.080,-8.545,-1.587,1.587
0.941,-0.185,0.085,-2.136,-4.883,-0.488
0.933,-0.174,0.067,-2.075,-4.395,4.395
0.938,-0.159,0.061,-6.897,-2.686,5.798
0.941,-0.160,0.088,-9.399,-2.075,9.094
1.019,-0.140,0.111,-6.470,-0.854,10.498
0.996,-0.145,0.083,-0.732,-0.854,-0.122
0.922,-0.167,0.089,-0.977,0.671,-4.456
0.935,-0.171,0.064,-1.648,4.211,0.305
0.909,-0.185,0.064,-0.671,0.305,0.305
0.896,-0.196,0.072,2.136,0.305,4.822
0.917,-0.161,0.017,0.977,-4.150,6.836
0.917,-0.152,0.059,-2.441,-5.676,9.766
0.978,-0.127,0.066,0.916,-2.441,10.742
0.958,-0.114,0.060,1.221,-4.028,6.470
0.954,-0.124,0.105,0.244,-2.441,5.127
0.977,-0.114,0.066,3.235,0.854,2.502
0.948,-0.124,0.062,3.967,-1.282,-0.854
0.948,-0.124,0.060,1.648,-0.854,1.038
0.946,-0.136,0.075,-1.282,-0.061,0.793

1.073,1.167,0.028,-96.436,15.381,54.687
1.188,1.371,-0.117,-137.878,13.062,28.503
1.074,1.182,-0.051,-179.687,9.216,-52.185
0.657,0.563,0.074,-208.618,10.010,-153.381
0.038,-0.256,-0.050,-234.680,-14.099,-98.450
-0.169,-0.693,0.048,-257.202,-47.180,27.771
0.943,-0.638,0.484,-216.614,-76.538,69.885
1.247,-0.825,0.668,-161.560,-91.980,16.479
1.164,-0.790,0.719,-98.938,-65.613,-40.771
1.030,-0.707,0.501,-61.707,-54.260,-37.537
1.084,-0.558,0.369,-50.842,-39.734,-19.653
1.087,-0.434,0.284,-46.936,-26.672,-18.982
1.054,-0.369,0.266,-36.316,-13.184,-28.809
0.959,-0.339,0.237,-23.193,-6.531,-30.884
0.942,-0.267,0.158,-12.085,-1.404,-24.170
0.959,-0.179,0.120,-4.639,-1.831,-15.991
0.976,-0.123,0.138,-4.639,3.784,-18.005
1.010,-0.116,0.176,4.700,9.094,-28.076
0.913,-0.148,0.088,13.062,8.362,-34.302
0.903,-0.144,0.077,7.324,6.653,-24.719
0.937,-0.133,0.133,-0.305,4.883,-13.977
0.934,-0.126,0.143,1.770,1.404,-11.597
0.952,-0.096,0.138,3.418,-0.244,-7.507
0.960,-0.080,0.145,1.648,1.343,-5.798
0.955,-0.107,0.149,0.977,2.563,-5.127
0.936,-0.127,0.158,3.418,2.563,-0.488
0.952,-0.106,0.124,3.418,1.038,0.793
0.927,-0.105,0.128,2.014,0.854,1.526
0.950,-0.098,0.150,2.869,1.404,3.235
0.953,-0.094,0.149,4.333,1.465,3.845
0.943,-0.093,0.136,2.258,1.099,4.272
0.937,-0.093,0.140,-0.916,1.099,5.371
0.939,-0.099,0.162,-0.793,1.709,5.615
0.928,-0.094,0.145,2.441,1.953,4.089
0.888,-0.082,0.125,1.892,0.000,7.996
0.924,-0.061,0.111,-1.282,0.061,12.695
0.973,-0.054,0.137,-1.099,-0.732,9.216
0.973,-0.065,0.164,2.441,-0.183,3.906
0.954,-0.063,0.138,2.930,0.000,1.587
0.948,-0.061,0.141,1.221,-0.732,2.197

1.230,1.427,0.000,-88.013,20.142,107.788
1.556,1.893,-0.208,-154.114,32.959,101.746
1.450,1.800,-0.122,-225.708,11.047,-24.719
1.152,1.223,0.335,-240.112,9.521,-70.129
0.870,0.193,0.808,-167.908,22.217,-170.898
0.537,-1.096,0.691,-108.093,13.855,-163.757
0.250,-1.443,0.273,-130.554,-4.578,-71.106
0.786,-1.372,0.291,-164.978,-6.348,6.042
0.931,-1.378,0.704,-158.936,-28.076,15.869
0.856,-1.204,0.700,-90.271,-34.607,2.319
0.767,-0.980,0.278,-21.545,-17.883,2.869
0.761,-0.760,0.066,-39.246,-19.104,16.541
0.838,-0.518,0.186,-37.903,-17.090,20.935
0.872,-0.363,0.106,-22.034,-12.146,18.250
0.880,-0.219,0.030,-8.423,-13.611,4.944
0.878,-0.161,-0.005,-15.503,-4.333,0.000
0.933,-0.151,0.037,-22.156,5.371,-4.944
0.885,-0.185,0.079,-17.090,5.005,-15.259
0.894,-0.174,0.019,-8.301,6.653,-15.869
0.928,-0.158,0.004,-8.240,3.052,-15.625
0.928,-0.164,0.040,-11.841,2.869,-16.968
0.915,-0.198,0.071,-11.169,2.808,-15.503
0.922,-0.204,0.063,-7.935,-0.244,-10.071
0.948,-0.177,0.051,-9.033,-7.019,-1.343
0.972,-0.159,0.056,-12.634,-9.705,-0.732
0.969,-0.182,0.151,-10.925,-7.996,4.578
1.007,-0.132,0.119,-6.409,-7.141,6.348
0.985,-0.143,0.136,-4.517,-5.249,1.526
0.996,-0.124,0.115,-4.456,-4.456,-0.183
0.996,-0.143,0.166,-3.662,-1.953,-1.465
0.988,-0.153,0.128,-0.549,2.563,-4.883
0.936,-0.174,0.110,-2.136,-2.502,-2.869
0.957,-0.159,0.122,-5.737,-0.610,2.625
0.950,-0.151,0.125,-4.822,-2.319,2.258
0.933,-0.149,0.123,-2.808,-4.395,3.601
0.957,-0.130,0.119,-0.854,-2.441,6.470
0.969,-0.127,0.115,-1.587,-2.686,4.761
0.961,-0.123,0.136,-2.136,-4.333,4.822
1.001,-0.102,0.140,-1.465,-2.625,5.127
0.989,-0.104,0.136,-0.061,-1.038,0.122

1.025,0.884,0.151,-95.703,12.695,25.513
1.066,0.986,0.090,-119.934,6.409,34.058
1.208,1.087,0.093,-181.091,5.432,11.108
1.237,0.694,0.484,-196.472,18.127,-65.735
0.774,-0.039,0.515,-159.424,21.851,-149.719
0.303,-0.944,0.281,-134.155,3.174,-115.662
0.384,-1.411,0.315,-185.974,-4.700,4.639
1.092,-1.093,0.705,-162.109,-8.789,57.922
1.175,-0.909,0.467,-84.167,-16.174,18.250
0.861,-0.754,0.109,-38.513,-12.817,-27.588
0.723,-0.591,-0.011,-51.636,-7.568,-8.179
0.804,-0.518,0.169,-48.828,-19.165,8.118
0.911,-0.395,0.210,-37.903,-22.766,16.541
1.001,-0.251,0.188,-27.710,-18.005,13.184
0.986,-0.208,0.185,-13.184,-9.216,-6.165
0.927,-0.176,0.149,-11.536,-1.831,-5.432
1.012,-0.145,0.128,-15.503,3.540,-5.737
0.945,-0.210,0.151,-14.404,4.944,-18.005
0.883,-0.220,0.123,-5.737,1.099,-13.245
0.914,-0.191,0.088,-7.507,1.282,-7.141
0.897,-0.181,0.115,-8.484,0.549,-1.404
0.964,-0.133,0.104,-7.812,0.854,4.822
0.948,-0.143,0.081,-6.226,-1.099,-1.221
0.861,-0.181,0.094,-9.460,-4.822,1.099
0.977,-0.128,0.135,-10.742,-4.395,8.667
0.964,-0.144,0.140,-6.348,-3.174,2.136
0.909,-0.149,0.130,-2.808,-4.700,2.686
0.949,-0.132,0.148,-2.502,-1.709,6.531
0.959,-0.113,0.119,-3.357,-2.625,3.540
0.948,-0.130,0.146,-5.737,-3.113,4.517
0.991,-0.115,0.180,-3.784,-2.319,2.625
0.990,-0.133,0.187,-0.244,-0.732,-0.610
0.968,-0.123,0.171,0.793,-1.160,-0.305
0.987,-0.110,0.147,-0.610,2.075,0.000
0.927,-0.118,0.152,-2.136,1.709,-2.869
0.928,-0.111,0.163,0.732,0.671,1.465
0.966,-0.071,0.150,3.479,1.465,4.578
0.980,-0.072,0.131,2.563,1.282,-0.977
0.927,-0.100,0.117,-0.488,-2.014,-2.502
0.959,-0.108,0.168,-1.648,-1.953,2.380

1.105,1.225,-0.292,-101.807,44.556,46.753
1.201,1.184,-0.111,-158.508,30.945,5.188
1.318,0.907,0.150,-173.279,31.982,-67.017
1.124,0.444,0.337,-153.870,20.142,-141.968
0.422,-0.841,0.377,-131.104,3.906,-155.334
0.134,-1.232,0.414,-144.409,-7.324,-68.298
0.613,-1.030,0.386,-138.855,-14.282,36.682
1.018,-0.987,0.369,-124.329,-34.851,-0.610
0.693,-1.384,0.751,-105.164,-40.894,-14.893
0.770,-1.241,0.682,-61.951,-28.320,24.841
0.910,-0.846,0.364,-14.587,-28.198,58.655
0.874,-0.534,0.199,-14.221,-25.879,59.082
0.927,-0.312,0.178,-13.245,-14.343,49.622
0.936,-0.150,0.129,-3.601,-8.728,27.954
0.845,-0.098,0.066,1.160,-7.507,15.442
0.907,-0.048,0.041,-4.761,-3.235,17.090
0.977,-0.041,0.107,-8.240,-3.845,1.160
0.918,-0.107,0.147,-4.883,-4.456,-8.240
0.920,-0.087,0.114,-6.592,-2.991,-0.183
0.977,-0.085,0.178,-11.963,1.221,2.258
0.975,-0.115,0.183,-9.949,3.296,-2.258
0.957,-0.107,0.180,-7.080,-1.892,-0.244
0.995,-0.078,0.173,-6.531,0.732,0.488
0.953,-0.100,0.162,-9.583,1.160,-5.615
0.939,-0.148,0.207,-9.338,0.854,-5.554
0.947,-0.145,0.200,-5.005,1.038,-4.517
0.957,-0.134,0.183,-4.944,3.479,-5.066
0.919,-0.151,0.163,-1.953,2.991,-5.615
0.935,-0.137,0.147,-2.197,1.038,-1.221
0.957,-0.120,0.155,-7.019,1.160,1.221
0.920,-0.153,0.193,-5.981,2.136,-0.732
0.953,-0.146,0.164,-2.563,1.526,0.183
0.931,-0.126,0.139,-3.784,-2.869,2.441
0.974,-0.110,0.189,-2.563,0.854,6.042
0.964,-0.088,0.135,0.916,0.305,2.075
0.944,-0.099,0.176,-1.282,-1.282,2.441
0.990,-0.083,0.152,-2.014,1.770,1.221
0.943,-0.116,0.173,-2.563,0.610,-0.732
0.945,-0.115,0.181,-1.221,0.366,0.977
0.985,-0.103,0.185,1.038,2.625,1.404

1.355,1.042,0.093,-92.468,40.405,120.728
1.412,1.286,-0.109,-151.184,26.123,59.265
1.278,1.290,-0.102,-182.922,16.785,-8.911
1.262,0.637,0.356,-201.904,23.193,-103.333
0.896,-0.496,0.652,-167.053,43.640,-198.364
0.174,-1.370,0.464,-131.226,52.551,-202.881
0.008,-1.558,0.110,-105.957,8.484,-44.861
0.545,-1.427,0.088,-118.591,-20.935,27.039
0.855,-1.284,0.410,-102.478,-30.823,36.499
0.916,-1.123,0.452,-57.434,-26.245,21.912
0.804,-0.748,0.203,-22.034,-18.433,18.372
0.836,-0.486,0.033,-11.414,-15.137,22.827
0.879,-0.300,-0.007,-15.015,-15.015,17.761
0.889,-0.239,0.043,-12.573,-8.179,3.723
0.873,-0.219,0.021,6.348,0.488,-16.968
0.830,-0.188,-0.057,5.798,1.404,-17.761
0.841,-0.146,-0.087,-3.967,2.869,-9.949
0.910,-0.124,-0.052,-11.841,4.944,-11.475
0.867,-0.200,-0.006,-12.085,2.136,-18.982
0.855,-0.211,0.028,-8.850,-2.258,-14.832
0.898,-0.187,0.007,-6.653,-3.113,-8.179
0.899,-0.184,0.008,-9.094,-7.629,-3.235
0.942,-0.182,0.036,-14.526,-9.644,3.723
0.946,-0.185,0.106,-14.526,-14.648,4.517
0.985,-0.190,0.116,-6.836,-9.583,6.836
0.989,-0.154,0.033,-7.141,-14.221,4.028
0.949,-0.155,0.046,-16.174,-11.902,9.644
0.996,-0.165,0.091,-17.639,-7.324,11.230
1.014,-0.181,0.134,-13.489,-8.301,4.639
0.996,-0.202,0.120,-8.301,-6.165,-3.113
0.940,-0.229,0.118,-4.822,-5.493,-6.592
0.956,-0.241,0.112,0.244,-3.479,-3.418
0.939,-0.224,0.086,3.967,-6.165,-0.854
0.935,-0.212,0.121,2.075,-6.348,5.310
0.974,-0.183,0.112,3.113,-3.662,9.277
0.978,-0.163,0.107,6.287,-5.554,6.775
0.984,-0.147,0.095,6.409,-4.333,5.127
0.965,-0.140,0.098,4.089,-4.822,6.165
0.971,-0.147,0.120,4.028,-4.089,7.446
0.983,-0.138,0.118,4.517,-2.197,6.409

1.147,1.336,0.035,-165.222,-7.812,117.554
1.438,1.500,0.149,-219.177,-12.451,76.477
1.221,1.201,0.354,-230.347,-36.194,-88.562
0.754,0.213,0.581,-226.868,-25.208,-158.508
0.593,-0.851,0.746,-226.501,-13.489,-176.331
0.431,-1.699,0.991,-220.764,-6.165,-53.284
0.920,-1.417,0.794,-151.733,-15.930,16.235
1.152,-1.150,0.469,-100.525,-22.339,8.179
0.926,-1.032,0.421,-94.543,-18.005,-20.874
0.844,-0.971,0.432,-78.735,-7.080,-18.677
0.877,-0.785,0.315,-34.424,-4.822,1.953
0.834,-0.607,0.157,-14.954,-11.902,7.996
0.797,-0.430,0.090,-12.939,-12.085,18.982
0.909,-0.248,0.048,-10.498,-7.751,25.146
0.962,-0.145,0.092,-7.324,-7.629,8.301
0.942,-0.141,0.099,-9.155,-1.404,-4.761
0.920,-0.143,0.120,-8.301,-1.465,-6.165
0.916,-0.143,0.145,-4.944,0.854,-6.836
0.913,-0.140,0.122,-2.625,4.944,-7.568
0.897,-0.110,0.115,-6.226,0.305,-0.366
0.913,-0.086,0.151,-6.042,-0.732,1.221
0.955,-0.073,0.156,-3.784,-1.282,-0.977
0.968,-0.075,0.177,-1.831,-0.061,-5.371
0.981,-0.081,0.164,-2.014,-0.183,-8.423
0.962,-0.123,0.176,-1.953,-1.709,-7.935
0.950,-0.123,0.151,-5.432,-0.854,-5.737
0.902,-0.140,0.188,-6.714,-3.601,-2.991
0.960,-0.112,0.190,-5.859,0.061,4.333
0.986,-0.106,0.189,-1.465,-0.793,-1.099
0.923,-0.141,0.159,1.831,-2.563,-8.728
0.911,-0.148,0.155,-2.136,-2.258,-4.211
0.940,-0.149,0.199,-4.944,-2.441,1.343
0.955,-0.147,0.205,2.258,-2.991,0.671
0.957,-0.131,0.168,1.526,-2.808,0.610
0.934,-0.127,0.169,-0.732,-2.625,3.662
0.951,-0.108,0.159,-1.770,-3.052,7.874
0.978,-0.098,0.178,-3.418,-2.991,7.507
0.980,-0.088,0.215,0.793,-1.038,4.028
0.979,-0.093,0.182,5.310,-1.038,0.793
0.960,-0.090,0.154,1.831,-2.136,2.808

1.119,1.208,0.409,-58.716,28.809,114.258
1.368,1.776,0.020,-103.577,35.034,135.376
1.597,2.028,-0.225,-189.880,36.316,73.669
1.408,1.562,0.154,-246.216,16.785,-68.970
0.888,0.446,0.724,-235.840,26.306,-233.215
0.276,-0.883,0.815,-197.632,37.415,-203.125
0.017,-1.546,0.551,-158.997,21.362,-86.975
0.353,-1.485,0.276,-152.100,2.625,0.000
0.907,-1.285,0.267,-149.231,-19.775,10.742
0.976,-1.238,0.583,-113.464,-27.222,-7.812
0.811,-1.174,0.535,-56.396,-12.939,-6.592
0.715,-0.796,0.062,-28.625,-19.714,10.437
0.841,-0.531,0.031,-39.246,-24.231,29.968
0.962,-0.381,0.108,-41.687,-13.489,23.743
0.944,-0.305,0.077,-23.560,-9.033,-4.761
0.808,-0.332,0.019,-6.348,-10.437,-18.921
0.808,-0.290,0.003,-16.113,-7.019,-1.343
0.954,-0.205,0.058,-27.893,0.610,3.418
0.957,-0.228,0.137,-23.804,2.075,-8.240
0.931,-0.230,0.109,-9.583,2.014,-22.278
0.825,-0.254,0.071,-0.427,-3.113,-24.109
0.813,-0.217,0.018,-10.254,-6.165,-3.906
0.943,-0.145,0.078,-21.851,-7.446,9.338
0.984,-0.153,0.192,-21.179,-10.376,5.127
1.002,-0.174,0.185,-9.949,-6.348,-3.845
0.956,-0.173,0.120,-3.235,-10.498,-8.850
0.952,-0.194,0.141,-10.254,-4.333,0.732
0.997,-0.180,0.139,-13.306,-2.563,1.953
0.955,-0.211,0.173,-10.315,-4.822,-1.404
0.956,-0.220,0.150,-4.333,-2.625,0.305
0.969,-0.202,0.135,-0.610,-3.967,0.549
0.946,-0.208,0.148,-1.526,-6.042,1.038
0.958,-0.206,0.165,-1.648,-3.845,4.883
0.976,-0.193,0.169,-0.671,-3.906,4.761
0.960,-0.182,0.177,2.136,-4.089,2.625
0.969,-0.165,0.148,3.845,-2.075,2.625
0.955,-0.160,0.163,4.272,-4.150,2.136
0.955,-0.151,0.153,2.258,-1.709,6.470
0.966,-0.132,0.139,-0.732,-1.648,7.385
0.977,-0.136,0.167,-0.549,-0.671,3.540

1.158,0.583,0.271,-11.108,18.494,22.034
1.043,0.659,0.292,-30.090,21.545,38.879
1.010,0.947,0.171,-68.542,31.189,94.971
1.095,1.426,-0.057,-183.105,54.810,169.861
1.315,1.844,-0.219,-257.202,48.218,134.094
1.448,1.766,0.194,-280.945,9.033,14.587
1.202,0.847,0.622,-271.240,7.202,-127.991
0.504,-0.431,0.788,-248.352,31.067,-236.145
-0.182,-1.358,0.539,-194.458,13.550,-210.327
0.038,-1.498,0.281,-201.233,-0.183,-33.813
0.770,-1.596,0.624,-201.355,-4.089,6.531
0.814,-1.585,0.849,-124.634,-30.518,1.221
0.752,-1.219,0.411,-52.734,-38.208,15.198
0.892,-0.864,0.208,-35.400,-32.532,36.560
0.931,-0.667,0.161,-37.170,-20.630,27.405
0.847,-0.554,0.176,-12.451,-24.780,15.137
0.878,-0.396,0.120,8.667,-20.264,17.517
0.937,-0.214,-0.063,9.338,-22.278,9.399
1.008,-0.204,0.021,-12.817,-14.771,9.094
1.016,-0.244,0.110,-10.620,-1.343,-8.911
0.942,-0.267,0.096,3.784,-4.272,-13.123
0.945,-0.215,0.017,7.385,-2.136,-6.836
0.932,-0.193,0.030,4.272,-3.723,-7.568
0.901,-0.219,0.068,3.418,-6.226,-5.676
0.954,-0.182,0.065,-1.526,-4.761,6.470
0.981,-0.153,0.096,-1.709,-3.113,5.371
0.970,-0.164,0.091,0.977,-3.845,1.709
0.938,-0.157,0.083,-1.648,-6.714,3.174
0.977,-0.141,0.104,-3.052,-4.333,5.859
0.953,-0.154,0.082,-1.526,-2.625,-1.831
0.910,-0.194,0.105,1.587,-4.822,-1.343
0.958,-0.181,0.102,1.587,-4.517,2.075
0.970,-0.173,0.096,0.488,-4.028,-0.732
0.926,-0.197,0.117,0.183,-6.104,-1.160
0.967,-0.172,0.132,-0.183,-5.981,3.418
0.963,-0.180,0.157,2.441,-5.371,1.526
0.957,-0.174,0.117,8.545,-5.920,0.671
0.946,-0.161,0.112,6.104,-5.981,5.127
0.979,-0.139,0.103,3.113,-4.639,6.165
0.971,-0.141,0.135,0.732,-4.822,6.042

1.032,1.137,0.102,-110.168,-3.845,25.208
1.186,1.463,0.005,-173.828,-1.831,-11.780
1.159,1.358,0.081,-196.106,-2.991,-93.140
0.814,0.565,0.361,-203.186,3.601,-165.588
0.512,-0.088,0.404,-185.242,3.723,-202.148
0.406,-0.687,0.255,-165.771,-12.268,-205.444
0.413,-1.025,0.399,-201.111,-11.169,-162.292
0.570,-1.457,0.823,-176.453,11.047,-130.615
0.547,-1.682,0.750,-112.610,-1.465,-106.323
0.533,-1.599,0.578,-71.838,-20.874,-59.448
0.693,-1.215,0.331,-64.270,-22.888,-3.479
0.806,-0.921,0.306,-61.951,-20.874,22.217
0.800,-0.764,0.291,-23.376,-25.513,17.761
0.780,-0.541,0.177,-4.517,-29.846,20.447
0.902,-0.405,0.105,-3.418,-26.978,28.259
0.928,-0.323,0.129,-12.817,-24.048,24.963
0.953,-0.319,0.202,-11.475,-16.785,18.311
0.933,-0.320,0.177,-2.197,-10.071,6.042
0.919,-0.287,0.139,-0.549,-7.935,3.723
0.937,-0.266,0.150,-5.554,-5.066,1.587
0.924,-0.293,0.217,-9.338,0.916,-1.831
0.940,-0.291,0.201,2.319,5.005,-8.423
0.938,-0.293,0.172,5.127,5.615,-11.414
0.911,-0.295,0.141,0.549,5.493,-10.864
0.884,-0.307,0.193,-1.343,3.113,-6.348
0.933,-0.284,0.172,2.747,4.822,-2.258
0.891,-0.274,0.135,5.493,0.732,-5.920
0.880,-0.281,0.161,-0.183,-0.488,-1.038
0.918,-0.281,0.203,-0.183,-0.488,2.563
0.943,-0.266,0.206,1.709,-0.549,-0.549
0.909,-0.286,0.171,2.014,-0.122,-3.784
0.909,-0.304,0.205,0.366,0.000,-1.404
0.926,-0.304,0.229,2.136,-0.793,1.038
0.922,-0.288,0.192,2.808,-0.793,0.183
0.886,-0.295,0.194,0.488,-0.183,1.831
0.906,-0.302,0.212,1.099,-0.061,3.418
0.915,-0.305,0.196,1.831,-0.549,4.150
0.908,-0.315,0.220,0.549,-1.770,4.333
0.927,-0.318,0.241,3.357,-0.610,5.981
0.943,-0.300,0.191,7.141,1.831,3.967

1.116,0.769,0.352,-27.710,15.076,-7.629
0.983,0.836,0.364,-52.368,11.292,13.245
1.038,1.053,0.362,-109.985,27.588,56.824
1.302,1.679,0.120,-169.739,48.096,42.480
1.193,1.709,-0.011,-215.454,50.903,-37.231
0.884,1.293,0.239,-250.488,44.678,-127.747
0.733,0.535,0.531,-260.864,49.927,-196.716
0.452,-0.778,0.701,-188.049,47.668,-237.793
-0.061,-1.815,0.591,-152.588,40.405,-143.860
0.435,-1.450,0.011,-135.620,22.644,-24.292
0.893,-1.193,0.121,-140.869,-12.695,8.911
0.859,-1.231,0.417,-130.066,-21.790,-22.400
0.685,-1.278,0.336,-80.383,-3.113,-43.457
0.601,-1.085,0.058,-29.297,-20.264,-8.850
0.680,-0.791,-0.072,-34.851,-30.823,22.888
0.835,-0.537,-0.048,-43.152,-25.024,30.396
0.920,-0.348,0.003,-35.095,-21.851,16.907
0.884,-0.339,0.020,-26.855,-16.785,5.554
0.899,-0.318,0.019,-25.696,-9.155,9.033
0.921,-0.272,-0.011,-26.550,-8.789,7.385
0.930,-0.282,0.034,-29.175,-7.507,3.113
0.910,-0.333,0.055,-27.161,-4.883,-3.113
0.864,-0.363,0.097,-20.203,-7.935,-3.357
0.929,-0.312,0.052,-14.709,-5.249,3.540
0.948,-0.282,0.036,-16.907,-6.592,-0.732
0.908,-0.302,0.075,-16.357,-5.127,-1.160
0.947,-0.294,0.068,-8.911,-3.479,2.258
0.900,-0.283,0.015,-6.348,-8.240,0.305
0.898,-0.280,0.090,-13.489,-8.484,5.371
0.965,-0.282,0.119,-10.986,-5.188,9.521
0.953,-0.266,0.070,-7.385,-7.324,1.892
0.894,-0.281,0.077,-9.583,-8.728,5.676
0.944,-0.254,0.110,-8.484,-7.812,12.756
0.966,-0.239,0.117,-5.554,-7.446,10.498
0.951,-0.250,0.129,-1.282,-6.531,5.066
0.963,-0.252,0.125,1.892,-4.700,4.578
0.970,-0.236,0.105,1.465,-2.808,4.517
0.934,-0.242,0.112,-0.305,-3.662,3.540
0.935,-0.241,0.105,-1.099,-3.296,5.676
0.920,-0.223,0.097,-2.869,-5.554,8.118

1.205,0.563,0.374,38.818,3.540,-0.732
1.233,0.650,0.421,13.733,11.047,2.808
1.211,0.756,0.440,-7.385,20.874,2.747
1.066,0.908,0.358,-48.950,29.968,22.705
1.034,1.198,0.206,-72.144,31.311,37.842
1.111,1.460,0.058,-136.719,35.828,47.302
1.029,1.597,0.115,-228.638,29.114,-3.174
0.981,1.499,0.212,-267.639,36.316,-69.641
0.880,1.249,0.246,-285.583,35.156,-149.231
0.481,0.059,0.542,-279.846,23.193,-211.792
0.343,-0.506,0.656,-281.372,37.598,-205.078
0.359,-1.626,0.958,-240.295,46.204,-139.954
0.569,-1.772,0.794,-158.752,20.203,-75.562
0.781,-1.472,0.509,-108.704,-9.033,-39.795
0.853,-1.233,0.407,-94.177,-13.062,-29.663
0.771,-1.153,0.432,-71.899,-4.089,-32.471
0.638,-1.041,0.272,-14.526,-13.062,-11.780
0.637,-0.785,0.090,-4.578,-19.409,21.912
0.801,-0.498,-0.038,-13.000,-17.822,34.729
0.871,-0.297,0.004,-19.531,-23.010,28.198
0.895,-0.268,0.101,-16.785,-19.653,22.583
0.951,-0.233,0.073,-6.836,-11.719,17.639
0.968,-0.200,0.045,-3.845,-9.705,11.719
0.971,-0.194,0.066,-8.972,-3.113,7.690
0.995,-0.198,0.100,-2.991,2.075,-6.592
0.921,-0.238,0.093,5.432,-0.610,-12.329
0.912,-0.210,0.043,5.920,1.160,-3.296
0.897,-0.193,0.037,3.174,-2.258,-0.977
0.903,-0.191,0.058,-1.465,-2.319,3.662
0.959,-0.160,0.059,-3.479,-1.831,6.470
0.949,-0.182,0.068,-0.916,-5.493,-0.793
0.907,-0.187,0.074,-3.662,-6.836,2.991
0.961,-0.178,0.132,-1.404,-0.854,4.456
0.963,-0.179,0.069,2.808,-2.808,-4.028
0.896,-0.213,0.093,1.648,-3.357,1.282
0.967,-0.170,0.084,3.052,-2.441,4.089
0.934,-0.193,0.075,3.052,-4.028,-0.732
0.910,-0.209,0.089,-0.916,-5.127,-0.244
0.926,-0.204,0.154,-1.465,-6.592,4.089
0.967,-0.183,0.125,6.531,-5.676,3.418

1.156,0.760,0.164,-2.197,11.475,18.860
1.107,0.734,0.290,-29.480,19.653,9.766
1.079,0.713,0.372,-42.969,28.809,8.423
1.006,0.877,0.196,-68.115,16.907,20.508
0.859,1.101,0.011,-125.427,3.113,48.706
0.910,1.328,0.022,-202.881,0.610,76.782
1.106,1.509,0.199,-246.887,-0.977,50.476
1.113,1.481,0.403,-255.127,-0.549,-18.494
0.859,1.015,0.327,-258.911,9.705,-109.192
0.604,0.226,0.370,-270.386,22.400,-179.565
0.350,-0.780,0.586,-264.832,26.611,-189.575
0.252,-1.195,0.658,-215.881,7.385,-140.930
0.417,-1.535,0.601,-173.401,-14.893,-73.303
0.901,-1.445,0.527,-144.775,-29.785,-44.922
0.954,-1.255,0.499,-109.680,-37.781,-50.537
0.780,-1.148,0.464,-69.824,-26.062,-46.997
0.755,-0.928,0.279,-42.053,-18.921,-26.611
0.807,-0.673,0.104,-32.898,-20.447,-11.536
0.856,-0.444,0.079,-26.550,-23.499,-4.150
0.896,-0.320,0.078,-17.883,-26.367,-0.977
0.935,-0.242,0.067,-11.169,-23.682,-0.427
0.978,-0.192,0.049,-14.038,-20.447,-1.587
0.999,-0.182,0.109,-21.606,-12.573,-4.456
1.040,-0.191,0.133,-17.151,-4.272,-12.939
0.988,-0.214,0.122,-7.812,-3.357,-25.452
0.942,-0.224,0.062,-5.066,1.709,-28.992
0.908,-0.234,0.063,-6.958,0.854,-25.208
0.897,-0.245,0.066,-7.446,-0.671,-17.090
0.927,-0.233,0.047,-7.874,-3.784,-11.475
0.938,-0.258,0.091,-7.263,-6.836,-9.460
0.965,-0.254,0.110,-6.165,-7.141,-5.615
0.999,-0.232,0.125,-4.089,-4.822,-6.348
0.941,-0.274,0.112,-0.244,-3.418,-9.644
0.939,-0.270,0.135,0.610,-2.502,-3.357
0.977,-0.229,0.101,1.648,1.587,1.770
0.914,-0.249,0.109,5.127,-0.366,-0.427
0.917,-0.240,0.103,5.737,-0.854,4.517
0.941,-0.215,0.108,4.822,-1.526,4.761
0.933,-0.208,0.130,5.066,0.305,3.540
0.942,-0.199,0.102,9.094,1.465,2.258

0.924,1.389,-0.160,-137.695,-5.859,107.605
1.199,1.839,-0.129,-216.125,-10.986,111.267
1.291,1.845,0.050,-256.836,-3.235,-49.561
1.053,1.268,0.207,-259.766,10.620,-171.631
0.708,0.303,0.414,-237.549,16.724,-240.601
-0.055,-1.563,0.480,-196.960,-3.601,-190.796
0.255,-1.668,0.565,-205.811,-13.550,-50.781
1.026,-1.454,0.661,-145.325,-19.958,3.418
0.994,-1.415,0.666,-77.637,-36.865,-38.086
0.654,-1.186,0.371,-40.588,-33.020,-29.663
0.733,-0.708,0.129,-36.560,-27.954,3.540
0.863,-0.514,0.112,-35.522,-26.794,10.132
0.865,-0.386,0.101,-27.405,-28.259,-3.784
0.868,-0.336,0.082,-14.832,-21.851,-10.559
0.905,-0.288,0.049,-18.616,-15.259,-7.690
0.922,-0.236,0.052,-26.123,-10.376,-5.432
0.959,-0.236,0.064,-26.550,-3.784,-6.409
0.949,-0.266,0.083,-18.921,3.235,-17.578
0.934,-0.290,0.070,-11.658,4.700,-23.499
0.883,-0.305,0.037,-8.240,4.089,-22.034
0.892,-0.282,-0.005,-7.935,2.197,-15.564
0.911,-0.258,0.007,-11.475,-1.831,-9.644
0.942,-0.241,0.050,-14.709,-0.366,-2.930
0.987,-0.238,0.075,-8.789,-0.366,-8.606
0.946,-0.263,0.034,-2.319,-2.380,-16.541
0.912,-0.279,0.013,-5.066,-2.014,-14.038
0.903,-0.298,0.041,-10.132,-4.089,-5.554
0.960,-0.291,0.120,-8.179,-2.075,4.456
0.998,-0.265,0.104,-0.488,-0.916,-2.869
0.930,-0.272,0.052,-1.343,-1.770,-4.395
0.934,-0.268,0.089,-3.845,-0.305,1.465
0.935,-0.263,0.095,-1.282,-0.305,0.610
0.920,-0.261,0.085,1.953,-0.305,-1.465
0.915,-0.259,0.065,3.174,-1.038,-1.282
0.909,-0.243,0.059,1.587,-2.563,3.052
0.926,-0.218,0.072,-0.305,-3.113,6.897
0.960,-0.216,0.082,-1.160,0.488,7.629
0.962,-0.219,0.085,1.709,0.305,2.014
0.955,-0.220,0.091,2.869,1.709,1.465
0.939,-0.221,0.062,3.052,2.869,0.427

1.088,1.270,0.091,-56.946,32.227,60.120
1.379,1.803,-0.031,-128.601,42.542,87.097
1.475,2.145,-0.089,-195.312,46.143,25.513
1.131,1.690,0.126,-240.173,46.326,-142.944
0.724,0.827,0.291,-238.037,36.804,-219.299
-0.236,-0.936,0.212,-222.534,15.259,-175.781
0.303,-1.115,0.209,-244.324,1.526,-63.232
0.860,-1.536,0.650,-199.402,-38.757,-65.308
0.674,-2.093,0.968,-136.414,-46.448,-53.650
0.713,-1.543,0.436,-67.139,-26.978,2.197
0.844,-1.031,0.075,-45.044,-31.311,29.541
0.789,-0.738,0.090,-49.561,-36.743,27.283
0.795,-0.551,0.068,-42.603,-25.879,23.193
0.802,-0.383,0.014,-23.926,-29.907,23.254
0.892,-0.277,-0.004,-26.550,-22.827,23.071
1.011,-0.203,0.024,-28.198,-14.526,10.010
1.027,-0.217,0.060,-21.973,-7.507,-7.568
0.969,-0.237,0.064,-16.724,2.930,-13.672
0.921,-0.248,0.019,-14.648,6.409,-16.785
0.928,-0.237,0.021,-12.207,7.935,-15.503
0.942,-0.205,-0.017,-10.315,7.874,-18.860
0.903,-0.227,-0.002,-10.681,7.996,-20.569
0.881,-0.223,-0.010,-9.583,3.540,-18.066
0.959,-0.223,0.024,-9.033,3.174,-11.719
0.952,-0.235,0.009,-8.240,4.822,-16.968
0.894,-0.284,0.046,-2.075,1.221,-16.479
0.923,-0.262,-0.011,-2.502,-2.075,-11.902
0.908,-0.283,0.013,-7.446,-2.502,-7.202
0.926,-0.293,0.057,-6.897,-4.272,0.610
0.962,-0.266,0.065,-3.723,-2.869,2.930
0.931,-0.268,0.047,0.122,-1.892,-1.099
0.940,-0.282,0.063,1.709,0.793,0.183
0.949,-0.272,0.029,2.808,-2.136,-3.174
0.914,-0.274,0.050,1.587,-2.869,2.075
0.971,-0.235,0.044,2.930,-1.709,5.371
0.947,-0.236,0.049,4.456,-3.479,1.282
0.967,-0.228,0.025,1.770,-0.061,2.075
0.951,-0.234,0.049,-0.854,-1.160,1.343
0.940,-0.228,0.065,0.854,-1.587,2.930
0.969,-0.193,0.025,1.404,-0.183,1.709

1.153,0.731,0.190,37.354,22.705,31.738
1.135,0.793,0.060,41.687,28.320,7.812
1.014,0.845,-0.082,27.710,24.231,-15.808
0.955,0.819,-0.102,-6.287,25.024,-22.034
0.927,0.872,0.078,-27.588,31.372,-26.062
0.839,0.884,0.119,-1.465,40.833,-40.894
0.721,1.000,-0.321,12.146,35.889,-42.053
0.799,1.383,-0.646,-64.575,-8.911,-2.502
1.152,1.494,-0.298,-190.735,-29.236,16.846
1.228,1.095,0.308,-267.822,-3.967,-81.238
0.953,0.424,0.592,-252.747,-2.441,-124.023
0.647,-0.529,0.539,-202.270,-12.634,-169.617
0.470,-1.232,0.406,-224.243,-15.686,-103.821
0.428,-1.336,0.640,-232.605,-19.653,-64.636
0.785,-1.291,0.797,-189.880,-26.917,-18.738
0.972,-1.275,0.640,-98.022,-27.588,-50.415
0.767,-1.264,0.402,-92.712,-15.808,-48.340
0.668,-1.182,0.405,-79.712,-11.719,-10.010
0.756,-0.924,0.329,-49.561,-14.099,18.005
0.816,-0.633,0.163,-29.968,-17.456,19.409
0.841,-0.425,0.079,-23.804,-14.465,14.526
0.873,-0.308,0.050,-21.362,-10.925,10.925
0.910,-0.266,0.087,-18.311,-6.287,5.981
0.950,-0.233,0.077,-15.564,-3.540,1.099
0.960,-0.226,0.060,-16.541,0.366,-5.188
0.909,-0.247,0.085,-18.066,-1.953,-8.789
0.933,-0.255,0.109,-15.808,1.282,-7.202
0.917,-0.229,0.085,-11.536,-1.770,-8.362
0.929,-0.219,0.117,-10.925,-1.038,-7.507
0.929,-0.217,0.085,-9.888,1.587,-10.071
0.896,-0.227,0.101,-11.414,-1.953,-10.376
0.927,-0.236,0.134,-11.963,0.671,-7.202
0.910,-0.233,0.108,-4.150,-3.784,-11.780
0.900,-0.243,0.094,-3.906,-5.066,-8.911
0.920,-0.236,0.101,-7.141,-4.333,-6.104
0.941,-0.256,0.137,-6.653,-4.089,-5.554
0.927,-0.266,0.153,-3.784,-4.578,-3.540
0.953,-0.258,0.148,-2.197,-2.014,-2.930
0.908,-0.276,0.143,-1.892,-3.418,-5.249
0.912,-0.272,0.135,-0.793,-2.014,-1.282

0.995,1.019,0.117,-59.448,18.982,21.240
0.961,1.230,0.111,-80.322,21.362,32.288
1.126,1.500,-0.072,-169.861,28.137,30.701
1.177,1.771,-0.133,-231.689,25.757,-49.438
1.028,1.250,0.171,-257.446,21.118,-166.748
0.706,0.221,0.599,-257.568,29.297,-270.691
0.045,-1.292,0.711,-225.769,32.715,-291.992
-0.390,-1.914,0.653,-193.298,12.634,-139.343
0.484,-1.257,0.343,-161.133,6.348,36.682
1.186,-1.005,0.295,-131.958,-7.324,31.860
0.798,-1.125,0.436,-102.478,-38.269,-41.748
0.569,-1.124,0.326,-69.641,-31.738,-44.739
0.589,-0.928,0.191,-43.030,-37.292,22.705
0.758,-0.664,0.110,-41.992,-44.128,43.518
0.937,-0.447,0.117,-41.931,-40.283,33.081
0.989,-0.366,0.148,-29.846,-36.804,6.775
0.901,-0.368,0.156,-22.339,-31.799,-3.601
0.948,-0.338,0.180,-23.804,-21.606,5.859
1.026,-0.290,0.210,-25.452,-10.742,9.583
1.051,-0.274,0.188,-18.372,-2.930,-3.784
0.962,-0.311,0.142,-8.911,-3.296,-20.020
0.867,-0.332,0.113,-8.972,-3.967,-14.709
0.873,-0.300,0.130,-13.184,0.000,-3.113
0.933,-0.261,0.153,-9.827,0.061,-3.113
0.915,-0.259,0.145,-5.493,-2.625,-9.094
0.900,-0.273,0.135,-3.601,-2.747,-8.850
0.886,-0.264,0.120,-3.784,-5.798,-3.357
0.906,-0.247,0.111,-7.263,-6.958,3.662
0.926,-0.224,0.157,-9.338,-7.263,3.479
0.955,-0.246,0.183,-3.479,-5.310,-0.183
0.948,-0.253,0.158,-2.258,-6.042,-2.441
0.933,-0.262,0.180,-2.991,-2.380,1.587
0.952,-0.251,0.172,-2.686,-0.366,2.014
0.929,-0.255,0.168,-0.427,-2.014,1.221
0.921,-0.240,0.174,1.099,-3.052,2.991
0.942,-0.227,0.167,3.357,-1.648,4.150
0.924,-0.231,0.145,4.700,-2.319,0.244
0.904,-0.242,0.157,3.174,-1.953,0.793
0.914,-0.248,0.162,4.456,-1.526,4.089
0.935,-0.224,0.143,6.531,-2.686,5.371

1.236,0.628,0.406,-40.527,-4.028,12.939
1.256,0.737,0.471,-32.288,9.033,-7.751
1.120,0.872,0.162,-38.818,31.067,-15.564
1.067,1.129,-0.122,-112.122,59.509,6.531
1.077,1.376,-0.023,-214.294,64.209,19.043
1.145,1.490,0.035,-219.421,52.856,-27.893
0.930,1.209,-0.022,-216.919,34.851,-104.797
0.831,0.489,0.265,-230.225,22.339,-183.777
0.484,-0.767,0.726,-222.290,32.593,-222.168
-0.041,-1.611,0.796,-159.973,3.357,-127.625
0.379,-1.300,0.262,-115.112,-20.935,-16.052
0.923,-1.111,0.372,-149.902,-4.883,22.461
0.920,-1.230,0.690,-144.775,-3.662,-13.672
0.694,-1.205,0.579,-76.050,-18.066,-35.339
0.632,-0.912,0.250,-18.433,-24.048,-5.981
0.709,-0.612,0.017,-3.662,-31.433,24.292
0.845,-0.381,-0.025,-26.855,-22.949,36.133
0.910,-0.324,0.100,-33.997,-18.311,13.733
0.872,-0.367,0.149,-15.625,-18.250,4.395
0.875,-0.336,0.105,-7.690,-20.447,8.240
0.953,-0.277,0.128,-11.902,-15.320,6.775
0.981,-0.296,0.171,-15.381,-2.502,-0.488
0.926,-0.334,0.161,-7.202,-0.793,-8.972
0.878,-0.294,0.105,-0.732,-4.761,-5.188
0.893,-0.222,0.111,-1.282,-7.019,3.906
0.961,-0.177,0.102,-6.348,1.770,2.502
0.954,-0.175,0.111,-4.272,-2.014,-6.592
0.925,-0.199,0.111,-2.930,-3.845,-8.850
0.905,-0.183,0.120,-3.113,-2.747,-6.897
0.936,-0.193,0.110,-2.136,-0.854,-5.493
0.926,-0.192,0.077,-3.906,-5.371,-6.165
0.923,-0.200,0.124,-8.179,-5.188,-3.296
0.942,-0.219,0.158,-6.653,-2.808,-3.052
0.956,-0.234,0.176,-0.488,-3.540,-4.456
0.931,-0.233,0.145,2.502,-4.089,-6.897
0.904,-0.237,0.149,-0.732,-3.052,-4.822
0.914,-0.240,0.138,-3.723,0.488,1.526
0.930,-0.232,0.159,-3.113,-0.427,1.099
0.929,-0.236,0.162,0.549,-0.122,-2.441
0.905,-0.237,0.100,0.549,-0.122,-1.343

1.038,1.139,0.064,23.804,10.071,36.316
1.143,1.558,-0.064,-36.377,14.648,60.791
1.232,1.840,-0.083,-152.222,-9.644,52.673
1.292,1.896,0.091,-227.356,-12.085,-6.165
1.249,1.237,0.518,-269.958,-4.211,-87.891
1.031,0.455,0.743,-265.930,-2.136,-174.499
0.599,-0.574,0.761,-207.703,9.827,-221.436
0.276,-0.965,0.471,-225.647,26.062,-148.804
0.638,-0.788,0.469,-229.004,30.029,-117.859
0.594,-1.587,0.925,-177.979,21.362,-140.381
0.259,-1.785,0.739,-109.009,10.193,-104.309
0.449,-1.368,0.266,-73.792,18.188,-21.179
0.637,-1.006,0.085,-78.552,10.803,25.513
0.682,-0.812,0.182,-60.181,5.554,17.883
0.739,-0.627,0.126,-30.518,2.625,-2.563
0.717,-0.514,-0.014,-18.311,-6.104,-15.381
0.679,-0.481,0.026,-23.376,-2.258,-3.845
0.773,-0.419,0.012,-20.386,-8.484,3.418
0.831,-0.352,0.060,-19.470,-15.320,2.075
0.875,-0.326,0.088,-21.606,-12.024,-0.916
0.836,-0.352,0.126,-22.522,-9.705,-8.362
0.856,-0.359,0.169,-13.855,-8.057,3.296
0.943,-0.307,0.125,-12.024,-7.202,2.441
0.915,-0.299,0.118,-15.442,-6.592,-4.578
0.930,-0.327,0.209,-14.954,-4.028,-2.075
0.965,-0.309,0.195,-3.906,-3.052,-3.845
0.919,-0.321,0.122,4.639,-4.639,-9.460
0.888,-0.315,0.099,-3.784,-3.418,-1.648
0.915,-0.309,0.125,-7.080,-2.502,2.380
0.931,-0.311,0.128,-2.380,-4.028,0.183
0.894,-0.307,0.106,0.244,-5.859,-0.427
0.900,-0.303,0.120,-2.747,-4.578,5.798
0.937,-0.298,0.133,-2.319,-4.150,4.150
0.902,-0.323,0.150,0.305,-6.165,1.343
0.915,-0.310,0.130,2.808,-5.249,5.249
0.909,-0.299,0.135,2.136,-6.226,6.775
0.912,-0.284,0.124,0.732,-5.066,8.301
0.921,-0.275,0.130,0.671,-5.005,8.118
0.917,-0.274,0.139,1.160,-5.554,7.874
0.929,-0.272,0.159,2.686,-4.211,9.033

1.146,0.875,0.166,18.127,29.602,-2.075
1.279,1.172,0.277,-51.147,54.260,34.485
1.341,1.577,0.247,-66.956,59.631,31.860
1.390,1.915,-0.203,-119.507,58.838,-10.986
1.076,1.777,-0.259,-222.168,47.852,-71.777
0.975,1.138,0.308,-298.645,53.711,-138.977
0.733,0.084,0.731,-252.624,54.504,-241.699
0.215,-1.045,0.635,-180.054,18.677,-224.792
-0.170,-1.692,0.322,-181.946,9.766,-116.577
0.402,-1.516,0.458,-201.965,18.860,-8.301
0.742,-1.479,0.759,-164.734,-8.240,7.507
0.745,-1.463,0.660,-69.641,-10.925,-32.471
0.564,-1.377,0.385,-41.504,-16.663,-20.935
0.537,-0.959,0.158,-43.518,-17.883,29.114
0.743,-0.582,0.098,-48.950,-12.756,65.979
0.882,-0.352,0.056,-33.936,-12.756,38.635
0.871,-0.267,-0.001,-25.391,-14.221,6.348
0.780,-0.278,0.006,-24.902,-10.742,-1.770
0.841,-0.294,0.058,-20.386,-2.136,9.827
0.920,-0.218,0.037,-16.602,-3.235,8.667
0.899,-0.256,0.038,-16.846,-4.395,-12.390
0.782,-0.322,0.043,-18.799,-9.155,-9.338
0.845,-0.286,0.033,-23.254,-8.606,9.521
0.937,-0.218,0.054,-28.076,-11.719,16.418
0.976,-0.212,0.151,-23.499,-11.169,0.000
0.997,-0.250,0.154,-18.066,-0.305,-11.047
0.957,-0.295,0.118,-10.559,-5.371,-17.517
0.899,-0.322,0.115,-10.925,-5.859,-9.705
0.951,-0.280,0.090,-12.512,-1.892,-2.869
0.937,-0.291,0.120,-12.756,-2.991,-7.019
0.906,-0.333,0.124,-6.409,-0.854,-14.404
0.836,-0.377,0.100,-3.235,-5.432,-10.315
0.870,-0.355,0.114,-4.944,-5.005,0.854
0.900,-0.336,0.125,-4.578,-8.850,4.150
0.901,-0.332,0.133,-5.310,-7.812,8.789
0.957,-0.300,0.144,-5.310,-5.493,10.498
0.966,-0.290,0.149,-2.258,-6.348,5.249
0.943,-0.293,0.144,-2.014,-5.249,5.554
0.971,-0.279,0.161,-2.991,-2.930,9.521
0.978,-0.259,0.139,-0.305,-2.075,5.310

1.030,1.100,-0.139,-22.339,12.695,-7.751
1.030,1.446,-0.221,-85.510,3.357,22.217
1.171,1.790,-0.320,-163.635,6.775,21.851
1.385,1.875,-0.026,-246.094,9.216,-47.119
1.108,0.967,0.591,-250.427,14.343,-174.561
0.450,-0.675,1.035,-189.636,36.682,-226.135
0.090,-2.133,1.139,-202.515,72.754,-83.801
0.738,-1.554,0.762,-168.152,52.917,19.897
1.070,-1.284,0.615,-97.412,-0.671,3.113
0.756,-1.272,0.575,-37.415,-11.658,-46.631
0.596,-1.120,0.373,-15.625,-7.629,-28.687
0.670,-0.685,0.113,-4.456,-6.958,5.188
0.815,-0.421,0.003,-5.066,-14.465,15.320
0.838,-0.329,0.015,-11.230,-18.860,-1.404
0.806,-0.339,0.037,-13.977,-11.292,-9.155
0.846,-0.333,0.038,-14.099,-6.531,-7.507
0.892,-0.331,0.081,-18.494,-1.465,1.465
0.988,-0.289,0.076,-16.846,-0.732,-5.127
0.976,-0.315,0.087,-11.658,-2.136,-16.602
0.914,-0.351,0.083,-7.324,-0.488,-17.883
0.896,-0.337,0.015,-10.437,-2.563,-8.179
0.915,-0.320,0.104,-16.479,-2.808,3.296
0.958,-0.300,0.117,-13.428,0.427,8.301
0.970,-0.277,0.089,-7.629,-0.610,5.493
0.953,-0.273,0.066,-0.977,-2.991,2.808
0.929,-0.246,0.024,-0.427,-3.418,4.578
0.925,-0.236,0.019,-1.831,-3.662,8.179
0.966,-0.250,0.064,-0.671,0.427,11.475
0.992,-0.241,0.065,3.052,0.427,7.324
0.960,-0.241,0.045,6.714,-0.610,1.465
0.938,-0.238,0.043,8.667,-1.892,3.540
0.948,-0.229,0.041,8.301,-1.770,8.057
0.944,-0.214,0.038,4.883,-0.061,9.277
0.943,-0.224,0.067,5.371,0.183,7.629
0.929,-0.227,0.068,7.751,-2.075,8.728
0.948,-0.204,0.075,7.019,-0.977,11.414
0.969,-0.167,0.058,6.653,-1.587,8.301
0.958,-0.168,0.065,5.371,-1.038,5.981
0.966,-0.176,0.082,4.639,-0.122,5.066
0.965,-0.164,0.067,4.211,-0.183,4.456

1.162,1.620,0.005,-99.670,45.410,111.816
1.537,2.127,-0.222,-177.734,40.710,26.428
1.466,2.093,-0.259,-214.478,10.803,-112.671
0.983,1.236,0.358,-243.774,7.629,-236.084
0.477,0.061,0.770,-211.182,24.353,-330.322
-0.321,-1.386,0.856,-184.570,49.133,-244.263
0.003,-1.689,0.727,-180.359,77.698,-41.565
0.720,-1.462,0.658,-121.826,56.335,16.479
0.835,-1.430,0.607,-68.909,2.380,-3.418
0.689,-1.200,0.451,-43.091,-17.700,-5.188
0.652,-0.974,0.287,-25.085,-13.672,4.761
0.656,-0.682,0.137,-25.024,-18.005,20.691
0.773,-0.517,0.119,-29.175,-14.954,28.931
0.837,-0.424,0.124,-26.794,-21.912,22.156
0.859,-0.362,0.175,-22.217,-21.729,17.639
0.946,-0.270,0.137,-14.099,-6.470,9.338
0.983,-0.232,0.105,-15.747,-5.676,-5.737
0.933,-0.252,0.121,-10.132,3.723,-10.071
0.924,-0.265,0.110,-2.563,7.019,-11.536
0.904,-0.304,0.075,-3.723,6.104,-16.296
0.904,-0.309,0.089,-9.277,3.601,-10.254
0.897,-0.333,0.115,-9.644,3.296,-5.920
0.896,-0.338,0.109,-8.972,3.296,-2.014
0.910,-0.302,0.094,-7.263,0.488,1.282
0.899,-0.286,0.088,-5.249,-2.869,0.122
0.907,-0.277,0.109,-2.502,0.610,5.432
0.936,-0.255,0.085,0.366,-2.136,3.357
0.918,-0.256,0.081,0.488,-2.869,1.770
0.928,-0.247,0.078,1.038,-3.479,0.000
0.894,-0.261,0.080,-1.526,-4.272,-0.366
0.908,-0.266,0.105,-3.174,-1.953,6.042
0.974,-0.231,0.097,-1.892,1.282,9.338
0.960,-0.233,0.101,0.244,-0.061,-0.427
0.896,-0.267,0.083,2.258,-0.366,-7.324
0.882,-0.278,0.064,1.587,-1.099,0.427
0.905,-0.267,0.069,-1.770,-3.174,3.662
0.912,-0.246,0.089,-5.005,-2.319,4.456
0.924,-0.255,0.118,-2.380,-0.854,4.272
0.933,-0.254,0.103,0.610,-3.540,2.686
0.920,-0.251,0.097,0.000,-4.639,4.211

1.280,0.561,0.326,7.935,6.836,-13.428
1.185,0.757,0.279,4.822,14.709,-30.884
1.042,1.169,0.063,-62.927,22.949,0.610
1.111,1.960,-0.202,-151.428,29.907,25.146
1.249,2.150,-0.119,-238.647,44.617,-15.198
1.113,1.769,0.180,-267.090,32.837,-163.208
0.853,1.004,0.500,-248.779,25.085,-249.756
0.395,-0.200,0.787,-216.614,40.710,-278.564
-0.116,-1.373,0.829,-227.661,56.091,-200.806
0.094,-1.793,0.846,-205.994,40.588,-84.473
0.502,-1.600,0.767,-154.602,4.883,-31.921
0.651,-1.454,0.808,-130.493,-29.114,-17.822
0.727,-1.295,0.856,-110.535,-19.653,-9.338
0.706,-1.156,0.703,-40.955,-15.381,-7.202
0.591,-0.937,0.429,-21.057,-18.982,15.259
0.691,-0.663,0.257,-30.640,-9.399,27.832
0.822,-0.487,0.243,-29.419,-7.141,16.907
0.839,-0.416,0.269,-13.855,-8.728,-3.418
0.820,-0.355,0.186,-4.150,-9.583,-9.949
0.859,-0.338,0.133,-7.019,-6.775,-4.456
0.918,-0.328,0.207,-22.034,-0.732,-1.099
0.944,-0.331,0.255,-23.010,2.686,-6.531
0.916,-0.357,0.248,-13.123,4.089,-17.212
0.873,-0.372,0.185,-8.728,4.150,-23.865
0.825,-0.389,0.166,-12.085,0.427,-22.461
0.837,-0.381,0.210,-18.066,-0.366,-11.780
0.904,-0.355,0.256,-17.456,2.930,-3.662
0.931,-0.369,0.232,-8.911,3.967,-13.794
0.887,-0.399,0.227,-3.723,0.488,-17.822
0.848,-0.429,0.221,-0.977,-0.610,-9.949
0.870,-0.377,0.156,-6.470,-1.221,0.305
0.888,-0.368,0.197,-10.742,-1.587,3.296
0.893,-0.390,0.231,-7.446,-1.587,0.916
0.891,-0.397,0.237,-0.671,-1.465,-0.061
0.893,-0.399,0.230,-0.793,-0.610,1.343
0.907,-0.389,0.239,-0.916,2.441,0.549
0.887,-0.407,0.234,2.625,-0.122,-1.770
0.855,-0.398,0.223,3.479,-2.197,2.625
0.902,-0.352,0.216,2.625,-1.221,7.019
0.898,-0.343,0.220,0.977,0.183,4.578

1.158,0.635,0.222,4.944,10.681,-22.278
1.137,0.672,0.184,-33.386,13.794,-9.583
1.165,0.801,0.266,-60.059,23.926,4.761
1.127,1.058,0.225,-87.769,25.879,23.010
1.259,1.632,-0.062,-144.409,27.405,41.626
1.372,1.750,-0.062,-210.266,37.537,5.127
1.219,1.455,0.195,-241.272,37.903,-73.486
0.918,0.793,0.505,-211.243,60.486,-175.842
0.533,-0.069,0.450,-171.082,77.759,-186.645
0.087,-1.355,0.341,-160.034,62.500,-130.737
0.317,-1.524,0.447,-182.678,34.485,-34.912
0.866,-1.416,0.512,-161.011,6.470,16.296
0.983,-1.446,0.702,-106.201,-22.827,-18.066
0.623,-1.214,0.316,-50.842,-30.579,-23.254
0.614,-0.966,0.185,-39.856,-30.579,7.629
0.815,-0.708,0.256,-42.542,-20.691,35.217
0.935,-0.561,0.162,-15.991,-14.465,1.831
0.758,-0.578,0.106,-1.770,-19.897,-2.563
0.791,-0.431,0.117,-7.996,-21.606,18.921
0.954,-0.296,0.110,-13.916,-17.822,28.931
0.925,-0.239,0.147,-10.803,-15.076,16.052
0.903,-0.261,0.149,-1.526,-8.179,15.625
0.996,-0.168,0.086,-4.883,-11.108,12.634
0.989,-0.174,0.153,-12.146,-8.789,2.747
0.956,-0.220,0.147,-4.761,0.916,-1.892
0.972,-0.183,0.134,0.854,-2.380,-1.282
0.970,-0.148,0.089,3.052,-2.197,-4.150
0.926,-0.170,0.070,-3.052,-2.930,-5.554
0.935,-0.175,0.120,-6.287,-2.502,-1.343
0.995,-0.176,0.124,-2.258,-3.723,-2.808
0.979,-0.185,0.088,-1.465,-6.531,-4.333
0.979,-0.185,0.104,-9.949,-5.615,-2.991
0.979,-0.193,0.141,-10.498,-4.883,-1.038
0.987,-0.182,0.143,-7.751,-1.221,1.709
1.002,-0.178,0.109,-4.517,0.244,-2.808
0.963,-0.210,0.102,-3.967,-4.761,-9.644
0.945,-0.228,0.123,-6.165,-3.418,-8.789
0.932,-0.231,0.139,-3.601,-1.160,-7.324
0.931,-0.247,0.117,-1.892,1.892,-3.357
0.951,-0.245,0.114,-1.465,0.977,0.427

1.062,0.927,0.227,-114.136,-11.963,95.398
1.188,1.260,0.045,-159.424,11.169,112.305
1.119,1.538,-0.160,-204.407,5.005,53.650
0.993,1.594,-0.251,-206.299,-5.066,19.531
0.997,1.350,-0.141,-209.717,-29.541,-59.143
0.987,0.918,0.210,-219.727,-42.847,-177.612
0.808,0.222,0.641,-185.730,-23.560,-232.727
0.395,-0.863,0.822,-172.424,4.761,-208.862
0.396,-1.402,0.870,-170.654,16.907,-101.562
0.740,-1.164,0.777,-139.648,-11.475,-30.884
0.866,-1.097,0.840,-87.463,-38.208,-31.128
0.860,-1.127,0.880,-53.101,-26.306,-29.053
0.743,-0.921,0.564,-22.644,-20.386,-13.428
0.707,-0.717,0.361,-10.925,-18.188,14.954
0.763,-0.519,0.288,-13.611,-7.385,36.926
0.854,-0.350,0.261,-4.211,-4.761,28.564
0.885,-0.194,0.174,6.470,-7.996,5.920
0.843,-0.183,0.127,11.902,-7.202,-5.127
0.882,-0.150,0.099,-2.747,1.770,2.808
0.990,-0.129,0.123,-13.672,-0.732,-8.606
0.944,-0.155,0.191,-7.629,-3.784,-20.325
0.897,-0.187,0.175,1.892,2.380,-23.621
0.923,-0.180,0.156,3.479,6.531,-15.625
0.982,-0.156,0.106,-6.531,-1.831,-9.705
0.917,-0.200,0.211,-15.198,-6.165,-10.803
0.974,-0.209,0.277,-9.033,0.305,-7.812
1.055,-0.170,0.166,4.456,-0.122,-14.038
0.964,-0.176,0.171,0.916,-7.080,-23.010
0.927,-0.232,0.198,-1.404,2.686,-23.926
0.925,-0.252,0.183,1.770,-2.625,-18.066
0.895,-0.252,0.170,2.136,-0.183,-5.188
0.910,-0.230,0.152,2.441,2.197,1.282
0.906,-0.238,0.165,5.859,-1.404,0.549
0.893,-0.252,0.176,7.935,-1.709,2.380
0.920,-0.234,0.179,7.690,-2.686,5.493
0.934,-0.224,0.181,8.118,-6.592,5.005
0.931,-0.202,0.190,4.211,-5.127,5.859
0.960,-0.195,0.199,2.625,-1.709,4.883
0.923,-0.198,0.214,2.625,-3.540,1.892
0.951,-0.204,0.207,6.042,1.465,5.005

1.321,0.446,0.336,24.292,9.155,-6.470
1.231,0.478,0.180,22.461,11.230,-40.955
1.102,0.433,0.120,-4.028,14.038,-35.583
1.077,0.507,0.213,-31.616,22.278,-10.254
1.081,0.719,0.198,-50.720,28.748,26.367
1.101,0.890,0.100,-89.783,38.513,70.679
1.239,1.342,-0.168,-174.316,63.843,92.407
1.318,1.730,-0.235,-245.544,65.735,50.781
1.142,1.735,-0.182,-266.968,45.471,-31.982
0.946,0.615,0.271,-260.620,25.391,-122.375
0.559,-0.777,0.705,-213.745,19.775,-172.791
0.089,-1.658,0.661,-169.922,12.024,-135.193
0.242,-1.545,0.566,-173.462,-18.005,-36.926
0.767,-1.577,0.903,-164.124,-39.001,9.399
1.048,-1.613,1.149,-138.489,-24.109,9.583
0.843,-1.454,0.948,-69.824,-28.259,-2.686
0.663,-1.117,0.484,-7.629,-37.903,8.728
0.692,-0.764,0.208,-3.174,-35.706,40.527
0.844,-0.453,0.193,-23.071,-19.714,57.861
0.889,-0.291,0.252,-16.357,-17.212,36.682
0.851,-0.253,0.208,8.179,-14.160,6.836
0.806,-0.183,0.106,5.493,-9.827,7.874
0.856,-0.143,0.120,-7.141,-5.920,14.038
0.923,-0.133,0.144,-16.052,1.160,11.230
0.885,-0.160,0.182,-13.550,-1.343,-4.211
0.836,-0.173,0.200,-5.554,-3.662,-7.751
0.889,-0.156,0.150,-3.296,-0.122,0.244
0.907,-0.148,0.158,-9.277,-2.747,4.089
0.894,-0.163,0.202,-12.878,-4.517,3.784
0.929,-0.172,0.213,-10.132,-2.808,4.456
0.930,-0.145,0.163,-7.874,-5.615,3.235
0.904,-0.163,0.225,-9.399,-8.057,5.310
0.985,-0.129,0.208,-9.094,0.427,11.108
0.952,-0.133,0.160,-7.629,-5.005,3.601
0.885,-0.158,0.194,-12.207,-10.437,6.714
0.975,-0.146,0.248,-13.916,-3.601,15.320
1.010,-0.114,0.231,-4.089,-0.244,5.920
0.962,-0.155,0.194,2.319,-2.136,-6.287
0.915,-0.171,0.181,-3.052,-1.343,-7.629
0.923,-0.196,0.198,-6.104,-4.822,-1.221
