aX,aY,aZ,gX,gY,gZ
1.352,-0.104,-0.802,7.141,31.067,5.615
1.321,-0.006,-1.232,-16.479,72.144,43.884
1.254,0.104,-1.420,-25.146,87.158,57.129
0.843,0.002,-1.128,-7.690,86.426,34.180
0.553,-0.083,-0.948,26.733,84.167,5.554
0.523,0.070,-0.530,100.647,35.217,-41.748
0.550,0.167,-0.083,133.179,-2.380,-95.459
0.516,0.049,0.385,91.003,-35.217,-95.520
0.908,-0.109,0.968,12.634,-43.823,-48.523
0.850,-0.328,1.072,-14.893,-38.879,-11.841
0.967,-0.117,0.890,-28.809,-26.672,53.772
1.430,0.089,0.890,-18.921,-44.495,44.983
1.363,-0.137,0.956,11.780,-75.867,-33.997
1.158,-0.252,0.833,12.268,-59.082,-36.011
1.134,-0.123,0.487,-18.250,-2.808,29.053
1.083,-0.020,0.247,-16.724,-8.240,21.667
1.076,-0.025,0.212,1.526,-22.827,-13.428
0.989,-0.103,0.168,12.268,-24.658,-23.315
0.970,-0.111,0.108,3.479,-6.042,4.028
0.990,-0.010,-0.008,3.052,9.338,17.700
0.917,0.002,-0.130,7.202,2.747,7.874
0.965,-0.019,-0.072,0.366,-9.094,10.986
1.079,0.021,0.077,-1.404,-12.024,8.057
1.112,0.027,0.125,3.906,-1.709,-7.935
1.014,0.005,0.052,6.348,3.967,-13.428
0.988,-0.005,0.020,-1.343,3.235,-4.700
1.007,-0.006,0.062,-2.747,1.770,-1.892
1.019,-0.020,0.040,5.371,-0.732,-10.071
0.964,-0.036,-0.016,7.996,-4.089,-12.695
0.975,-0.026,-0.008,5.493,-1.953,-10.803
0.955,-0.026,-0.030,3.479,-1.709,-8.484
0.973,-0.035,-0.021,0.122,-3.723,-2.808
0.993,-0.044,0.010,0.244,-7.690,-0.366
1.024,-0.053,0.052,1.160,-3.296,0.427
1.019,-0.051,0.042,-1.404,1.526,2.869
1.017,-0.057,0.047,-1.465,1.465,3.540
0.997,-0.038,0.026,-1.526,-2.258,3.479
0.999,-0.042,0.049,-3.296,-2.625,3.662
0.994,-0.046,0.063,-2.319,0.732,6.226
1.013,-0.018,0.030,2.258,1.831,4.395

1.450,0.079,-0.768,5.920,37.415,61.584
1.359,0.282,-0.968,15.808,50.537,78.247
1.209,0.457,-1.168,-0.671,90.210,63.232
0.958,0.503,-1.153,6.592,93.323,17.944
0.546,0.275,-0.941,41.382,69.702,-13.184
0.284,0.032,-0.366,48.401,50.049,9.155
0.500,0.180,0.020,48.523,36.560,9.155
0.645,0.123,0.347,56.946,-11.353,-51.880
0.725,-0.141,0.685,50.598,-71.594,-98.328
0.816,-0.454,0.944,18.311,-91.187,-78.979
0.989,-0.478,1.089,-30.640,-76.538,23.743
1.151,-0.318,1.016,-18.982,-69.153,42.236
1.223,-0.085,0.855,6.836,-68.115,14.404
1.217,0.067,0.713,25.146,-61.218,-30.151
1.062,0.026,0.468,12.573,-43.091,-44.922
1.048,-0.044,0.372,-8.850,-25.269,-31.433
1.109,-0.034,0.303,-10.132,-21.667,-17.273
1.097,0.036,0.215,0.305,-12.573,-12.573
1.092,0.070,0.145,3.784,-4.395,-17.822
1.033,0.049,0.101,1.709,-4.944,-22.400
0.989,-0.034,0.115,-5.127,-7.751,-19.470
0.967,-0.053,0.101,-10.986,-5.005,-9.705
0.994,-0.048,0.137,-13.245,-6.958,0.610
1.051,-0.011,0.181,-11.414,-1.953,0.122
1.066,-0.004,0.159,-2.197,-0.122,-13.550
0.975,-0.016,0.080,1.953,0.732,-17.700
0.976,-0.017,0.045,0.305,-0.305,-13.123
0.989,-0.039,0.059,-2.258,-1.892,-9.277
0.977,-0.049,0.080,-1.221,-2.808,-8.179
0.969,-0.057,0.090,2.075,-4.883,-6.287
0.965,-0.049,0.074,-0.977,-2.441,1.404
0.963,-0.047,0.093,-4.822,-3.906,6.226
0.979,-0.027,0.114,-5.920,-3.357,7.507
1.002,0.003,0.120,-4.028,-2.869,3.113
0.996,0.004,0.109,-0.916,-4.028,-7.080
0.983,-0.043,0.102,-0.061,-5.066,-10.864
1.012,-0.053,0.120,-3.113,-3.357,-4.089
1.029,-0.030,0.126,-4.333,-1.221,-0.488
1.017,-0.021,0.115,-2.197,-0.671,-2.441
1.008,-0.026,0.100,-1.831,1.526,-3.540

0.974,0.307,-0.985,-5.005,-0.305,0.305
0.852,0.365,-1.101,14.282,20.935,-5.493
0.725,0.383,-1.095,43.762,10.986,-20.447
0.595,0.212,-0.690,62.073,5.798,-15.625
0.533,0.199,-0.332,70.068,56.396,-17.700
0.644,0.129,-0.066,73.853,43.030,-91.492
0.533,-0.371,0.101,43.945,-51.941,-129.944
0.416,-0.874,0.742,-38.452,-135.559,-16.479
1.162,-0.606,1.287,-61.523,-138.672,98.999
1.561,-0.275,1.286,-12.024,-96.008,41.626
1.329,-0.256,1.002,13.611,-93.384,-24.048
1.115,-0.289,0.859,10.376,-88.257,-12.878
1.343,-0.107,0.768,-7.080,-67.688,18.555
1.336,0.007,0.693,-10.376,-27.161,-13.245
1.229,-0.055,0.531,8.118,-3.906,-48.218
1.010,-0.107,0.237,17.761,0.732,-56.213
0.978,-0.115,0.150,9.888,-2.258,-39.307
0.984,-0.131,0.142,-5.615,-2.869,-10.742
1.018,-0.136,0.176,-0.854,-2.747,-6.348
0.983,-0.114,0.131,7.019,-3.113,-8.301
0.949,-0.087,0.106,2.502,-4.211,0.488
1.001,-0.061,0.147,-10.254,-5.493,15.503
1.059,-0.062,0.185,-7.263,-4.211,11.719
1.041,-0.060,0.180,1.099,-4.822,1.526
1.014,-0.044,0.166,4.578,-2.380,-0.610
1.006,-0.036,0.156,3.113,-0.916,-0.854
1.012,-0.057,0.161,-1.099,3.235,1.099
1.005,-0.065,0.156,0.427,3.479,0.366
1.006,-0.059,0.149,0.977,2.747,-2.136
0.990,-0.071,0.141,-0.854,4.456,-2.869
0.982,-0.078,0.135,-2.869,1.343,-3.113
0.972,-0.091,0.148,-4.089,-0.610,-1.038
0.983,-0.092,0.165,-3.174,-1.465,1.343
1.002,-0.079,0.174,-1.709,-0.610,2.380
1.007,-0.071,0.177,-0.549,3.296,-2.930
0.977,-0.091,0.184,0.977,6.226,-5.554
0.951,-0.109,0.133,2.808,7.874,-4.272
0.943,-0.083,0.091,1.587,5.615,-2.502
0.951,-0.084,0.119,-4.211,1.404,1.343
0.980,-0.082,0.152,-7.080,0.000,5.371

0.931,0.304,-0.902,1.709,22.278,2.869
0.716,0.458,-1.153,-44.922,26.184,40.771
0.715,0.572,-1.237,-95.398,6.226,42.908
0.859,0.466,-0.844,-91.919,-15.564,-0.488
0.542,0.209,-0.490,-58.594,-12.695,-43.518
0.178,-0.114,-0.474,-30.823,-6.409,-44.312
0.492,-0.156,0.183,-21.912,-40.833,-10.132
1.126,-0.064,0.957,21.057,-111.633,-61.768
1.048,-0.483,1.391,21.118,-162.048,-112.488
0.960,-0.625,1.458,-48.889,-60.303,11.169
1.319,-0.270,1.115,-46.143,0.488,61.890
1.161,-0.179,0.873,-2.686,-31.128,34.668
1.070,-0.072,0.656,19.775,-54.504,15.503
1.155,0.007,0.528,20.020,-57.739,-2.991
1.068,-0.084,0.451,-6.104,-44.312,-15.625
1.013,-0.156,0.392,-11.292,-27.893,5.554
1.077,-0.082,0.276,-3.479,-23.560,11.780
1.026,-0.064,0.201,3.662,-22.705,-2.197
0.962,-0.104,0.164,8.423,-23.499,-13.977
0.942,-0.122,0.184,6.287,-23.865,-2.380
1.008,-0.103,0.234,-0.122,-12.512,12.451
1.021,-0.045,0.225,-7.751,-2.686,16.602
1.039,-0.018,0.231,-7.568,-2.441,9.216
1.031,-0.045,0.238,0.488,-3.723,-5.798
1.013,-0.080,0.212,10.193,-2.747,-15.625
0.998,-0.063,0.180,6.165,3.235,-10.559
0.984,-0.052,0.147,-3.113,3.357,-6.287
0.970,-0.086,0.171,-6.042,-0.916,-4.822
0.983,-0.104,0.189,-3.296,-2.197,-5.066
0.975,-0.108,0.193,1.404,-0.305,-5.554
0.973,-0.106,0.193,3.601,-0.427,-5.920
0.965,-0.103,0.173,3.784,0.122,-4.028
0.962,-0.090,0.165,3.479,-2.991,-2.991
0.980,-0.081,0.203,0.549,-6.165,0.854
1.014,-0.078,0.226,0.549,0.427,-0.732
0.976,-0.075,0.187,0.916,0.732,-4.395
0.976,-0.088,0.193,-3.479,1.099,-1.221
1.002,-0.101,0.226,-3.418,-0.122,-1.221
1.006,-0.097,0.228,0.183,0.244,-3.479
1.004,-0.099,0.209,3.052,6.592,-7.690

0.457,0.382,-1.338,-24.292,15.137,29.663
0.451,0.525,-1.252,-5.859,-24.414,18.555
0.437,0.585,-0.987,9.705,-62.561,-32.654
0.365,0.340,-0.437,-16.296,-61.707,-69.153
0.448,-0.331,0.207,-43.213,-78.003,-92.285
0.737,-0.876,1.029,-68.909,-129.517,-50.171
1.430,-0.700,1.722,-34.912,-92.041,23.071
1.812,-0.580,1.691,31.250,-86.670,-46.265
1.389,-0.659,1.303,42.175,-81.970,-38.086
1.115,-0.290,0.828,27.161,-47.729,36.804
1.145,-0.053,0.593,15.198,-39.368,71.838
1.129,0.122,0.528,10.315,-52.002,60.852
1.142,0.171,0.460,13.000,-56.763,30.945
1.143,0.146,0.406,9.155,-49.561,7.324
1.073,0.107,0.338,1.465,-37.354,-1.099
1.019,0.029,0.218,-4.822,-17.944,2.197
0.988,-0.008,0.156,-6.958,-15.869,8.423
0.988,-0.012,0.196,-4.211,-16.785,7.996
1.006,-0.011,0.224,-1.709,-17.029,3.723
0.993,0.016,0.215,-4.395,-10.803,3.601
1.017,0.013,0.249,-4.700,-8.179,-0.854
1.048,0.002,0.245,-3.540,-5.249,-6.409
1.053,-0.004,0.236,-0.549,-2.869,-12.268
1.017,-0.011,0.230,4.517,-1.160,-19.043
0.982,-0.002,0.184,4.211,-1.648,-17.944
0.997,-0.056,0.200,-1.465,-1.770,-10.132
0.997,-0.043,0.217,-2.808,-0.610,-4.639
1.026,-0.049,0.225,0.549,-1.160,-7.446
0.992,-0.047,0.208,1.953,4.944,-8.057
0.955,-0.037,0.184,0.916,4.517,-5.432
0.958,-0.038,0.181,-2.014,1.953,-0.793
0.962,-0.024,0.172,-3.662,2.014,2.747
0.980,-0.010,0.168,-3.540,-0.732,0.427
0.962,-0.013,0.175,-4.517,-1.892,-3.723
0.950,-0.018,0.163,-4.883,-2.014,-3.357
0.986,-0.042,0.194,-5.432,-5.493,-3.052
1.000,-0.064,0.211,-1.465,-2.808,-9.583
0.963,-0.067,0.181,2.197,-4.211,-10.681
0.952,-0.077,0.192,4.456,-7.935,-9.033
0.980,-0.087,0.197,5.249,-7.202,-6.592

0.810,0.285,-1.029,-17.517,3.174,-8.667
0.587,0.274,-1.162,-8.484,19.043,-13.733
0.252,0.306,-1.284,-11.780,20.081,-1.770
0.117,0.328,-1.089,-28.381,-23.865,11.414
0.015,0.205,-0.668,-54.016,-80.627,13.855
0.120,0.116,-0.126,-78.613,-94.238,23.010
0.483,-0.109,0.585,-55.298,-137.756,-25.391
0.991,-0.699,1.581,-0.549,-255.310,-105.469
1.348,-1.120,2.274,-13.062,-189.270,-45.410
1.414,-0.940,1.908,-29.114,-60.791,49.194
1.334,-0.536,1.337,-15.137,-26.917,95.886
1.306,-0.052,0.998,2.075,-32.349,91.431
1.351,0.061,0.797,22.095,-37.903,43.396
1.276,-0.040,0.687,37.109,-48.096,-12.817
1.120,-0.029,0.611,32.654,-39.429,-15.259
1.111,0.074,0.436,13.123,-6.958,15.503
1.155,0.124,0.269,-1.831,11.658,22.461
1.101,0.058,0.197,-2.319,7.629,-2.441
1.012,-0.055,0.178,5.249,1.282,-24.475
0.948,-0.101,0.169,12.085,1.404,-23.193
0.924,-0.093,0.180,11.047,0.000,-10.559
0.949,-0.063,0.212,0.732,-1.282,5.859
1.025,-0.058,0.245,-6.409,1.709,12.573
0.986,-0.068,0.249,-2.991,0.488,5.798
0.972,-0.074,0.237,2.808,-2.014,0.732
0.977,-0.039,0.244,3.479,-2.930,4.089
1.025,-0.014,0.257,4.761,-0.793,2.197
0.986,-0.010,0.211,6.836,3.174,-6.165
0.967,-0.026,0.205,5.920,-1.221,-10.010
0.969,-0.042,0.229,1.709,-5.005,-9.155
0.977,-0.046,0.233,-1.099,-4.822,-7.874
0.999,-0.074,0.277,-1.038,-3.662,-8.911
0.973,-0.081,0.262,0.732,2.258,-10.559
0.954,-0.089,0.230,2.441,2.502,-10.254
0.960,-0.089,0.236,0.488,0.061,-5.249
0.977,-0.088,0.244,-2.747,1.587,-1.221
0.994,-0.079,0.243,-0.732,1.831,-6.104
0.980,-0.081,0.235,3.540,0.183,-12.817
0.977,-0.088,0.232,4.517,-1.404,-14.893
0.982,-0.074,0.223,1.099,-1.709,-16.113

0.252,0.585,-1.254,-61.829,19.714,14.648
-0.013,0.564,-1.381,-59.570,23.254,-11.353
-0.277,0.508,-1.372,-43.091,-47.241,-17.822
-0.365,0.511,-1.233,-51.941,-138.428,-6.592
-0.076,0.366,-0.674,-83.984,-239.502,-12.329
0.685,-0.134,0.454,-89.539,-284.363,-37.537
1.430,-0.590,1.497,-44.434,-228.088,-48.889
1.681,-0.594,1.461,-6.775,-158.752,-66.772
1.534,-0.839,1.536,15.808,-174.805,-86.304
1.464,-0.654,1.368,-2.686,-133.179,-9.277
1.593,-0.273,1.011,-9.277,-46.143,50.964
1.289,-0.043,0.631,10.681,-37.842,15.564
1.219,-0.026,0.515,20.630,-31.677,-11.597
1.089,0.011,0.431,16.724,-27.161,-9.827
1.096,-0.003,0.352,2.258,-17.639,6.409
1.056,0.046,0.202,-8.667,-5.737,18.005
1.064,0.045,0.117,-4.944,-1.099,7.202
0.979,-0.026,0.095,7.263,-8.850,-12.329
0.929,-0.046,0.109,8.362,-9.216,-4.944
0.989,-0.007,0.155,-4.150,-8.606,14.221
1.046,0.014,0.196,-12.268,-7.324,19.287
1.065,0.008,0.233,-7.202,-5.737,7.751
1.044,0.006,0.223,4.944,-2.930,-9.460
1.005,-0.003,0.180,11.108,4.456,-18.738
0.971,-0.016,0.119,7.202,2.991,-14.709
0.950,-0.028,0.121,0.488,0.061,-5.554
1.009,-0.015,0.130,-3.174,-0.549,-0.977
1.014,-0.031,0.126,-1.953,-1.160,-5.615
0.986,-0.046,0.136,0.244,-2.808,-7.690
0.995,-0.054,0.143,0.183,-3.174,-4.944
1.005,-0.042,0.142,-1.526,-2.441,-0.916
1.012,-0.057,0.177,-0.854,-3.784,-1.831
1.020,-0.040,0.176,0.305,-0.427,-2.625
1.020,-0.025,0.159,-0.305,1.465,-6.409
1.005,-0.050,0.160,1.038,2.014,-9.583
0.983,-0.062,0.148,2.258,3.052,-7.751
0.985,-0.059,0.133,1.404,2.869,-4.150
0.987,-0.049,0.139,1.099,2.319,-1.953
0.986,-0.040,0.133,0.061,2.319,-0.671
0.983,-0.045,0.136,-3.052,1.282,-0.916

1.420,0.132,-0.766,20.935,36.072,-30.884
1.163,0.188,-0.932,29.480,52.856,-55.054
0.531,0.056,-1.030,13.489,71.228,-38.269
0.106,-0.124,-0.893,-57.556,65.063,97.046
0.337,-0.032,-0.349,-75.378,27.222,128.967
1.255,0.172,0.483,-11.902,-26.794,-33.691
1.182,-0.164,0.744,36.804,-73.975,-196.228
0.462,-0.718,0.766,-16.968,-68.481,-99.182
1.175,-0.443,1.096,-47.974,-75.867,26.550
1.284,-0.344,1.196,20.325,-86.670,1.831
1.134,-0.252,0.933,24.841,-67.200,-9.766
1.160,-0.191,0.768,-3.540,-45.349,12.878
1.123,-0.080,0.632,-11.414,-27.039,22.583
1.069,-0.077,0.423,-0.183,-19.897,11.108
0.986,-0.066,0.259,13.123,-20.996,-9.583
0.874,-0.147,0.134,9.338,-21.729,-6.226
0.868,-0.142,0.093,-0.977,-12.329,20.264
0.929,-0.112,0.079,5.310,-17.151,26.062
0.950,-0.064,0.057,12.390,-20.996,13.489
0.967,-0.069,0.061,5.371,-15.015,16.235
1.031,-0.072,0.080,-1.038,-9.644,23.499
1.041,-0.052,0.107,-0.305,-7.935,18.982
1.044,-0.045,0.113,2.441,-4.150,10.376
1.028,-0.053,0.082,7.080,-2.808,3.296
1.013,-0.052,0.084,9.460,-4.578,1.160
1.024,-0.026,0.085,6.409,-2.441,4.883
1.025,-0.025,0.084,3.540,-1.709,4.395
1.000,-0.045,0.082,2.991,-5.432,-1.709
0.978,-0.060,0.091,1.892,-9.033,-2.136
0.982,-0.072,0.115,0.488,-14.771,-1.953
1.030,-0.094,0.198,0.122,-13.000,-0.549
1.014,-0.066,0.171,2.197,-1.404,2.808
1.006,-0.038,0.125,4.333,0.916,0.854
1.001,-0.053,0.112,3.906,-0.732,-3.418
0.996,-0.067,0.124,2.258,0.977,-4.395
0.999,-0.073,0.136,1.709,1.404,-4.700
1.000,-0.078,0.124,2.686,4.272,-4.578
0.966,-0.082,0.089,4.456,4.761,-5.554
0.953,-0.074,0.088,3.967,3.357,-2.563
0.977,-0.056,0.101,2.686,2.014,1.892

1.238,0.131,-0.685,-6.104,23.132,38.696
1.317,0.143,-0.798,20.569,22.034,18.494
1.271,0.263,-0.933,24.475,42.603,-2.319
0.772,0.093,-1.145,0.610,60.181,-2.808
0.613,-0.063,-1.050,-35.400,64.453,43.823
0.719,-0.046,-0.656,-20.386,47.180,56.335
0.914,0.105,-0.230,45.471,10.498,-35.339
0.534,-0.174,0.006,53.162,-18.005,-104.675
0.562,-0.537,0.510,-18.127,-20.386,-11.841
1.145,-0.275,0.952,-42.297,-3.601,99.976
1.363,0.027,0.903,32.043,-49.500,9.644
1.060,0.029,0.725,45.959,-84.106,-53.772
0.960,-0.177,0.829,22.888,-76.172,-28.564
0.981,-0.133,0.668,2.502,-48.767,17.395
1.075,0.008,0.534,3.235,-42.542,26.550
1.013,0.068,0.478,26.306,-57.068,-30.029
0.976,-0.010,0.409,18.921,-44.922,-34.790
0.988,-0.090,0.313,2.075,-25.452,-6.042
1.027,-0.047,0.278,-5.676,-26.062,16.968
1.087,0.005,0.204,-5.188,-21.240,18.677
1.105,-0.008,0.182,2.686,-19.104,-2.869
1.021,-0.056,0.215,15.320,-17.090,-23.193
0.983,-0.051,0.204,6.165,-3.723,-7.874
1.045,-0.015,0.126,-3.418,5.249,1.404
1.021,-0.038,0.089,1.160,2.502,-8.728
0.960,-0.039,0.068,10.864,-1.526,-16.602
0.956,-0.018,0.065,6.775,-5.554,-7.263
1.005,-0.019,0.086,0.854,-3.601,-1.770
1.025,-0.033,0.139,1.892,-4.639,-4.822
1.005,-0.048,0.137,7.568,-3.113,-9.399
0.978,-0.050,0.108,4.517,-0.610,-1.038
0.998,-0.052,0.118,0.732,-3.418,5.005
1.000,-0.041,0.152,0.122,-4.150,6.287
1.008,-0.017,0.187,0.366,-3.113,3.845
1.013,-0.016,0.158,2.747,-0.061,-4.700
0.972,-0.036,0.107,5.371,3.357,-13.245
0.940,-0.061,0.111,3.052,-2.808,-9.216
0.950,-0.063,0.149,-0.671,-3.723,0.366
1.031,-0.049,0.204,-2.197,-0.916,-0.671
1.022,-0.080,0.209,4.150,9.033,-9.827

1.232,0.107,-0.732,1.099,39.612,9.460
1.166,0.130,-0.920,12.451,52.063,10.803
0.987,0.172,-0.985,7.874,53.467,30.884
0.798,0.290,-0.737,7.507,54.687,35.767
0.734,0.360,-0.437,57.251,45.959,-30.090
0.611,0.203,-0.124,144.897,8.789,-144.775
0.568,-0.033,0.170,146.790,-31.982,-186.645
0.451,-0.182,0.288,47.729,12.085,-86.182
1.088,-0.322,0.841,0.183,-25.513,-52.979
1.200,-0.516,1.099,5.554,-83.801,-73.792
1.156,-0.422,0.966,22.461,-68.298,-67.322
1.122,-0.412,0.724,0.854,-43.457,-39.734
1.019,-0.475,0.679,-16.541,-41.931,-5.859
1.059,-0.396,0.581,-13.123,-38.208,15.503
1.062,-0.238,0.413,-7.019,-36.804,12.329
1.011,-0.203,0.294,-4.456,-27.039,9.705
0.974,-0.155,0.157,-5.676,-14.709,13.000
0.908,-0.152,0.092,-10.986,-14.282,21.729
0.898,-0.151,0.052,-15.015,-15.442,34.424
0.958,-0.105,0.061,-13.733,-17.944,35.278
1.044,-0.067,0.149,-5.249,-13.367,18.921
0.985,-0.098,0.137,1.953,-8.057,2.136
0.953,-0.098,0.122,-1.282,-4.333,5.432
0.979,-0.060,0.145,-5.005,-2.991,10.498
1.001,-0.045,0.125,-2.380,-1.038,0.549
0.959,-0.068,0.101,-0.488,-2.014,-3.784
0.951,-0.100,0.112,-1.099,-2.808,2.197
0.998,-0.080,0.124,-4.456,-3.906,7.446
0.988,-0.079,0.124,-5.676,-2.258,9.216
0.988,-0.078,0.132,-3.174,-3.662,7.874
0.992,-0.077,0.143,-0.122,-4.517,4.211
0.986,-0.081,0.153,-0.793,-3.845,4.883
0.991,-0.089,0.152,-2.930,-1.038,9.033
1.008,-0.069,0.152,-3.601,-0.305,11.353
1.010,-0.054,0.166,-2.136,1.099,7.690
0.988,-0.051,0.147,2.075,3.906,-2.136
0.975,-0.062,0.115,2.197,3.967,-3.906
0.972,-0.067,0.118,0.183,3.296,-1.343
0.995,-0.064,0.130,-0.183,2.502,0.244
1.023,-0.073,0.150,1.343,3.418,-0.732

1.318,0.117,-0.755,-2.075,16.541,23.987
1.255,0.150,-0.834,0.671,41.077,35.339
1.062,0.271,-0.992,-7.751,85.083,47.546
0.957,0.332,-0.961,-20.874,107.056,37.598
0.755,0.149,-0.709,-1.831,87.830,-17.090
0.536,-0.021,-0.394,46.570,36.743,-53.894
0.596,-0.069,-0.076,26.489,10.376,-37.109
0.748,-0.163,0.324,-22.461,-5.127,-13.611
0.976,-0.183,0.773,-36.560,-10.193,-26.001
0.924,-0.318,0.800,-6.531,-40.588,-73.242
0.795,-0.468,0.857,3.906,-85.327,-75.256
0.897,-0.366,0.972,-45.715,-51.270,53.772
1.135,-0.106,0.806,-46.387,-38.330,63.782
1.172,-0.007,0.605,-11.719,-56.091,-2.136
1.001,-0.112,0.432,11.780,-62.073,-50.354
0.940,-0.194,0.312,4.578,-48.340,-38.208
0.985,-0.210,0.250,-13.062,-16.846,7.202
1.006,-0.174,0.160,-3.479,-14.282,10.620
1.002,-0.135,0.102,4.456,-16.907,9.888
1.034,-0.098,0.102,2.686,-15.442,8.850
1.036,-0.113,0.105,-1.892,-6.592,8.606
0.988,-0.100,0.109,-2.136,-1.953,10.315
0.998,-0.053,0.078,1.221,-0.916,12.634
1.007,-0.026,0.089,3.357,-0.549,5.249
1.009,-0.024,0.094,3.784,0.549,-2.441
0.981,-0.048,0.057,3.601,1.160,-5.798
0.960,-0.111,0.071,2.686,-2.441,-1.709
0.965,-0.091,0.064,2.258,-1.892,7.141
0.996,-0.076,0.066,2.625,-4.761,10.437
1.013,-0.070,0.090,3.479,-5.432,10.315
1.013,-0.040,0.094,2.441,-2.563,13.062
1.057,-0.016,0.110,0.916,0.061,7.996
1.054,-0.024,0.094,0.000,4.272,-0.488
1.024,-0.063,0.082,1.648,4.700,-3.174
1.015,-0.056,0.077,2.502,4.944,-1.587
1.022,-0.047,0.071,1.221,7.080,-0.916
1.008,-0.066,0.067,1.221,6.470,-4.517
0.999,-0.088,0.072,3.113,6.226,-7.080
0.999,-0.096,0.082,7.202,6.287,-8.545
0.983,-0.097,0.073,8.789,6.531,-8.240

0.933,0.267,-1.110,-13.306,22.461,30.273
1.064,0.349,-1.104,-23.804,26.917,36.560
0.902,0.281,-0.988,-25.696,43.701,5.920
0.545,0.085,-0.883,-23.804,53.894,-38.574
0.423,-0.044,-0.654,-8.179,32.227,-51.941
0.544,-0.154,-0.277,18.005,-18.494,-78.796
0.604,-0.435,0.356,4.395,-65.857,-56.458
1.000,-0.456,0.916,-49.072,-64.636,34.546
1.438,-0.268,1.172,-15.076,-52.185,60.913
1.361,0.062,0.920,45.166,-87.891,-35.583
0.995,-0.125,0.852,38.208,-98.999,-67.322
1.159,-0.198,0.909,-5.005,-73.547,-4.578
1.374,-0.122,0.879,-1.038,-54.138,10.742
1.171,-0.078,0.525,18.921,-39.978,-25.330
1.009,-0.110,0.299,21.240,-26.794,-31.799
0.902,-0.124,0.153,12.268,-20.935,-12.451
0.863,-0.085,0.088,-0.061,-17.456,20.752
0.967,-0.046,0.119,-6.836,-19.409,41.199
1.045,-0.028,0.151,-1.282,-19.897,23.621
1.039,-0.060,0.166,-1.099,-11.292,14.038
0.990,-0.062,0.142,-1.831,-4.639,17.029
1.007,-0.052,0.135,-3.113,-7.385,18.555
1.056,-0.006,0.176,-2.197,-7.080,13.855
1.051,-0.016,0.169,1.526,-3.845,-0.305
1.015,-0.049,0.164,5.432,0.488,-10.925
0.975,-0.071,0.148,7.935,0.610,-13.123
0.962,-0.085,0.139,3.784,1.587,0.000
0.989,-0.071,0.117,3.479,1.953,3.418
0.981,-0.048,0.108,4.578,1.648,3.296
0.984,-0.020,0.119,4.028,1.831,4.333
1.004,0.000,0.126,1.953,2.625,3.784
0.999,-0.019,0.139,1.038,2.380,-2.869
0.978,-0.032,0.124,1.892,3.662,-8.423
0.963,-0.062,0.119,2.441,4.089,-8.850
0.962,-0.071,0.120,3.235,2.563,-4.517
0.975,-0.041,0.117,0.916,3.601,2.380
0.993,-0.027,0.114,0.488,3.113,-1.709
0.980,-0.050,0.120,3.113,1.831,-6.897
0.971,-0.065,0.120,3.540,1.465,-5.859
0.956,-0.063,0.115,2.686,1.404,-0.183

1.074,0.134,-0.857,-9.338,29.541,-11.841
1.076,0.114,-0.868,-19.470,29.785,12.451
0.883,0.175,-0.813,-30.029,55.725,30.640
0.902,0.240,-0.380,-19.470,66.162,10.193
0.888,0.034,-0.003,30.029,25.024,-89.355
0.561,-0.402,0.466,13.794,-42.114,-90.027
0.924,-0.340,0.780,-19.592,-23.743,-12.024
1.094,-0.282,1.073,-6.653,-62.195,-20.813
1.000,-0.246,1.090,27.039,-80.566,-47.546
0.963,-0.317,0.932,0.793,-66.895,0.366
1.129,-0.145,0.789,-15.991,-54.443,54.199
1.192,0.017,0.633,-7.141,-52.429,48.279
1.183,0.051,0.493,7.812,-48.706,5.615
1.088,-0.061,0.380,15.686,-40.039,-27.771
0.976,-0.172,0.318,-4.395,-18.127,7.874
1.012,-0.146,0.279,-10.132,-6.470,35.339
1.013,-0.062,0.209,0.671,-8.484,22.888
0.944,-0.044,0.138,8.118,-10.376,4.517
0.926,-0.042,0.118,4.089,-8.972,1.770
0.955,-0.054,0.153,-3.174,-6.104,6.226
0.966,-0.068,0.160,-3.174,-2.869,7.935
0.967,-0.062,0.156,-0.793,-4.272,7.935
0.996,-0.025,0.166,1.770,-6.897,5.493
1.019,-0.007,0.171,0.854,-4.761,3.540
1.016,-0.007,0.161,-0.183,-1.221,0.488
0.994,-0.020,0.156,-0.427,-0.244,-1.221
0.987,-0.025,0.149,-0.305,-0.977,-0.366
1.011,-0.024,0.144,-2.502,-0.854,-2.502
1.017,-0.038,0.167,-1.465,-0.122,-8.118
0.977,-0.059,0.159,-0.305,-0.305,-9.216
0.964,-0.052,0.159,-1.221,-0.122,-3.601
0.987,-0.051,0.182,-1.892,-0.916,-0.732
0.985,-0.061,0.195,-2.625,1.770,-3.479
0.960,-0.081,0.153,-2.808,1.648,-4.456
0.939,-0.077,0.150,-2.930,-1.526,0.732
0.984,-0.054,0.183,-2.747,-3.662,4.211
1.005,-0.044,0.171,-1.221,-2.075,-0.610
0.981,-0.043,0.120,-0.366,2.014,-5.615
0.983,-0.065,0.143,0.366,-2.747,-5.127
1.018,-0.062,0.166,0.427,-2.930,-2.197

1.000,0.153,-1.035,-9.399,46.448,31.372
0.858,0.256,-1.010,-48.645,64.392,71.960
0.694,0.249,-0.744,-47.913,66.467,45.044
0.610,0.192,-0.407,-1.648,48.828,-28.015
0.733,0.117,0.210,65.063,-7.080,-140.076
0.571,-0.220,0.509,87.585,-93.201,-227.112
0.234,-0.590,0.684,2.075,-101.196,-119.812
0.867,-0.450,1.086,-100.525,-43.884,124.756
1.535,-0.217,1.368,-35.034,-57.861,71.106
1.570,-0.147,1.233,40.405,-66.528,-53.101
1.036,-0.404,0.835,38.574,-55.542,-71.289
1.119,-0.274,0.650,-4.089,-14.587,16.663
1.205,-0.111,0.464,-11.414,-0.061,35.706
1.049,-0.136,0.224,6.897,-3.052,-6.775
0.883,-0.202,0.052,14.282,-10.498,-12.756
0.880,-0.200,0.022,2.075,-12.695,23.926
0.953,-0.108,0.019,-7.202,-5.188,47.119
0.971,-0.042,0.002,-3.601,-5.554,36.743
0.934,-0.080,0.004,4.700,-13.245,15.442
0.926,-0.083,0.038,4.089,-17.700,11.169
0.995,-0.077,0.100,-3.052,-14.771,18.860
1.028,-0.073,0.148,-2.563,-12.451,14.221
1.019,-0.070,0.157,0.122,-9.827,10.803
1.039,-0.067,0.164,3.296,-9.094,5.981
1.029,-0.065,0.155,5.249,-8.545,0.122
0.993,-0.076,0.116,1.892,-4.883,0.854
1.001,-0.076,0.128,-0.671,-4.700,10.559
1.038,-0.046,0.155,2.869,-4.150,8.423
1.019,-0.044,0.131,3.174,-0.671,1.831
0.992,-0.063,0.118,1.343,2.136,0.610
0.985,-0.073,0.119,1.282,0.732,0.916
0.987,-0.060,0.123,0.793,0.488,2.930
1.013,-0.038,0.131,-0.977,2.258,0.427
1.008,-0.044,0.135,-1.282,5.005,-5.188
0.981,-0.087,0.117,1.343,4.700,-9.094
0.962,-0.090,0.105,1.953,3.296,-6.226
0.977,-0.085,0.120,-2.930,3.601,2.319
1.012,-0.074,0.133,-3.479,2.563,3.296
1.004,-0.082,0.134,1.648,2.686,-3.418
0.989,-0.088,0.141,3.601,2.502,-3.845

1.216,0.190,-0.920,0.549,28.992,0.000
0.978,0.115,-1.022,-18.494,40.344,-0.916
0.776,-0.034,-1.009,-47.241,56.335,20.996
0.763,-0.059,-0.746,-50.598,63.293,33.997
0.867,-0.044,-0.323,-0.549,37.415,-17.639
0.831,0.018,-0.066,56.763,0.793,-101.379
0.601,-0.006,0.120,36.560,-2.502,-128.601
0.440,-0.338,0.433,-13.062,-13.916,-87.219
0.807,-0.332,0.871,-15.320,-68.420,-14.099
1.431,-0.096,1.251,8.972,-108.704,-12.207
1.296,-0.147,1.248,1.770,-58.105,-76.965
0.995,-0.480,1.003,-12.573,-37.292,-39.429
0.979,-0.516,0.878,-11.353,-43.335,24.353
1.144,-0.307,0.671,2.197,-34.851,33.142
1.103,-0.199,0.507,14.526,-27.344,9.338
0.972,-0.187,0.325,12.207,-23.926,8.545
0.938,-0.172,0.220,1.099,-19.165,30.823
1.016,-0.127,0.187,-2.197,-16.235,35.522
1.018,-0.115,0.164,-1.892,-8.850,25.879
0.967,-0.118,0.103,1.709,-3.662,16.357
0.930,-0.144,0.075,3.357,-11.780,13.367
0.919,-0.155,0.144,-0.916,-12.695,22.766
0.950,-0.126,0.139,-5.676,-5.920,32.715
0.998,-0.087,0.172,-4.028,-7.568,28.992
1.034,-0.077,0.215,2.441,-7.080,13.916
1.025,-0.049,0.207,6.592,-2.869,-0.977
1.004,-0.070,0.170,6.653,-1.099,-11.414
0.937,-0.106,0.136,5.066,-1.526,-7.263
0.943,-0.131,0.147,4.395,-1.404,1.953
0.954,-0.097,0.139,5.798,-2.136,6.531
0.981,-0.067,0.144,4.517,-1.892,7.385
0.994,-0.048,0.135,0.122,-1.343,6.042
1.011,-0.058,0.155,-0.610,-3.113,3.601
1.031,-0.067,0.174,1.404,-2.747,-3.845
1.015,-0.075,0.165,0.610,0.610,-9.033
0.989,-0.098,0.167,0.122,1.221,-11.536
0.978,-0.111,0.169,0.244,1.221,-10.193
0.992,-0.107,0.174,0.244,1.953,-7.080
0.996,-0.110,0.154,1.892,2.808,-8.362
0.977,-0.119,0.139,2.380,1.770,-10.071

1.210,-0.326,1.040,19.104,-61.584,-115.234
0.891,-0.650,0.963,-4.333,-56.763,-71.289
0.964,-0.653,0.944,-25.574,-51.331,31.372
1.225,-0.361,0.958,-8.667,-50.537,50.293
1.147,-0.102,0.641,11.536,-35.583,22.522
1.093,-0.089,0.533,10.681,-25.696,0.549
1.002,-0.103,0.350,8.179,-24.048,-3.906
0.944,-0.116,0.238,6.897,-24.536,12.207
0.977,-0.045,0.158,2.441,-17.090,30.151
1.094,0.025,0.104,1.526,-10.010,20.630
1.077,-0.002,0.054,4.150,-7.690,-4.211
0.937,-0.116,-0.014,2.258,-9.521,-5.310
0.911,-0.147,-0.029,-3.845,-10.437,16.907
0.979,-0.078,0.021,-6.592,-11.597,24.414
1.028,-0.044,0.087,-5.432,-10.864,9.766
1.008,-0.096,0.118,1.404,-11.719,-6.531
0.942,-0.141,0.121,3.418,-10.925,0.793
0.974,-0.099,0.144,0.183,-8.301,13.245
1.008,-0.052,0.142,0.427,-5.981,10.254
1.014,-0.035,0.128,1.526,-7.019,-0.427
1.021,-0.080,0.146,1.587,-9.033,-7.202
1.006,-0.102,0.144,0.488,-6.775,-4.517
1.010,-0.071,0.105,-1.160,-3.113,2.930
1.017,-0.064,0.097,-3.052,-2.686,4.822
1.015,-0.070,0.099,-1.892,-3.296,2.747
1.021,-0.074,0.117,-1.892,-3.601,0.854
1.031,-0.090,0.151,-2.930,-3.357,0.244
1.028,-0.105,0.141,-1.343,-0.122,-1.282
0.996,-0.102,0.129,0.122,0.793,-2.075
0.996,-0.090,0.125,0.854,-0.061,-1.038
0.995,-0.089,0.122,-0.671,0.427,-1.282
0.991,-0.106,0.128,-0.671,0.000,-3.052
0.982,-0.103,0.109,0.732,1.587,-2.563
0.964,-0.098,0.092,1.160,2.136,0.244
0.973,-0.078,0.078,0.793,0.793,3.906
0.977,-0.080,0.095,0.732,-1.648,3.906
0.991,-0.082,0.111,0.854,-2.686,2.380
1.004,-0.087,0.137,0.916,-2.319,2.380
1.017,-0.088,0.156,1.770,-1.343,2.258
1.017,-0.071,0.164,0.977,0.610,3.723

0.918,0.243,-0.925,2.747,31.677,39.673
0.763,0.374,-0.877,-17.395,49.500,68.298
0.741,0.391,-0.664,-32.837,58.228,66.895
0.880,0.423,-0.314,-11.292,54.504,3.479
0.729,0.232,-0.091,47.546,11.902,-122.925
0.353,-0.243,0.219,39.978,-53.589,-135.254
0.777,-0.247,0.814,-43.701,-56.824,2.502
1.617,0.060,1.231,-45.776,-40.955,35.339
1.529,0.029,1.109,26.184,-65.979,-103.516
0.912,-0.326,0.925,50.415,-72.815,-156.921
1.010,-0.344,0.841,12.146,-48.279,-66.406
1.246,-0.177,0.810,-11.780,-33.020,3.357
1.229,-0.094,0.670,3.601,-27.771,-9.827
1.048,-0.073,0.419,21.301,-19.470,-36.865
0.873,-0.107,0.205,17.090,-13.245,-31.799
0.877,-0.085,0.106,0.610,-9.705,1.404
0.906,-0.062,0.087,-9.949,-10.803,21.545
0.971,-0.042,0.064,-11.475,-13.245,19.714
0.978,-0.087,0.095,-5.798,-16.846,10.071
0.979,-0.109,0.086,-1.099,-13.855,7.080
0.960,-0.087,0.085,-3.235,-10.437,13.672
0.979,-0.071,0.126,-5.859,-11.719,18.921
1.004,-0.051,0.139,-5.859,-9.399,20.752
1.017,-0.033,0.148,-2.930,-10.986,12.573
1.041,-0.018,0.167,-1.831,-10.132,9.094
1.039,-0.035,0.166,-1.709,-6.470,2.258
1.025,-0.083,0.160,2.380,-4.272,-1.526
0.980,-0.077,0.135,4.700,-4.822,4.211
0.981,-0.045,0.135,3.174,-5.005,7.629
1.005,-0.039,0.124,2.686,-4.944,8.301
0.993,-0.028,0.115,1.587,-6.409,8.972
0.991,-0.015,0.133,-1.404,-6.409,9.888
1.017,-0.019,0.163,-1.343,-3.052,9.460
1.040,-0.021,0.167,2.197,-0.916,2.136
1.021,-0.034,0.151,4.028,-1.770,-4.395
1.005,-0.055,0.151,2.380,-1.648,-1.587
1.009,-0.050,0.154,0.122,-0.488,2.930
1.017,-0.048,0.163,1.404,-0.061,2.930
1.013,-0.041,0.159,3.418,-1.038,1.404
1.006,-0.045,0.166,3.296,-2.014,1.221

1.141,-0.311,0.980,-57.068,-43.213,32.410
1.330,-0.192,1.016,-1.404,-65.430,2.808
1.266,-0.179,0.923,12.756,-72.144,-21.301
1.217,-0.185,0.887,-1.709,-63.232,-6.653
1.112,-0.081,0.692,-15.869,-42.786,19.104
1.153,-0.010,0.568,-21.606,-25.635,33.630
1.134,0.021,0.475,-3.967,-29.175,-4.333
1.093,-0.060,0.345,-0.793,-26.062,-20.447
1.093,-0.101,0.298,-9.277,-9.338,-6.348
1.077,-0.061,0.181,-10.925,5.981,8.545
1.035,-0.039,0.095,-4.944,7.080,4.028
1.004,-0.057,0.063,-2.563,1.953,-2.075
0.979,-0.088,0.105,-3.540,0.854,-0.061
0.995,-0.104,0.145,-4.272,2.197,3.845
1.005,-0.103,0.165,0.854,1.160,1.282
0.991,-0.077,0.157,6.836,1.099,-3.418
0.963,-0.067,0.120,5.493,3.540,-5.554
0.924,-0.083,0.104,3.052,1.770,-0.732
0.929,-0.078,0.110,2.197,-1.221,5.493
0.995,-0.053,0.145,2.380,-4.028,5.249
1.019,-0.043,0.163,2.747,-3.662,0.671
1.002,-0.062,0.150,3.052,-0.488,-3.540
0.980,-0.069,0.129,2.808,0.427,-0.610
0.983,-0.058,0.122,1.526,-0.671,2.319
1.007,-0.046,0.129,0.366,-0.916,2.258
1.013,-0.042,0.133,-1.160,0.488,1.892
1.016,-0.042,0.131,-2.502,0.793,0.366
1.013,-0.052,0.135,-1.953,0.183,-3.784
0.997,-0.069,0.125,-1.404,0.671,-4.639
0.986,-0.093,0.139,-0.671,-0.610,-3.357
0.977,-0.076,0.130,0.305,-0.854,-0.183
0.982,-0.066,0.127,-1.343,-0.427,2.441
0.999,-0.073,0.146,-0.427,-0.916,2.380
0.998,-0.066,0.145,0.183,-0.427,2.380
0.987,-0.066,0.144,-0.305,-1.099,2.808
0.990,-0.070,0.162,-0.916,-0.854,4.211
0.997,-0.069,0.165,-0.977,0.366,5.737
1.002,-0.057,0.171,0.549,0.244,4.822
1.013,-0.050,0.186,0.183,1.770,2.686
1.008,-0.056,0.191,0.061,2.747,1.343

0.940,0.409,-0.982,-30.273,56.030,53.162
0.806,0.480,-0.995,-41.870,67.017,34.302
0.683,0.419,-0.854,-22.034,61.707,-16.968
0.402,0.101,-0.487,7.629,24.109,-72.510
0.493,-0.056,0.078,16.235,-31.921,-77.515
0.764,-0.045,0.598,-10.620,-88.501,-71.228
1.077,-0.121,0.973,-17.151,-70.435,-91.797
0.939,-0.405,1.074,9.583,-102.783,-115.723
0.991,-0.555,1.201,-7.568,-106.812,-49.561
1.364,-0.322,1.086,-16.785,-53.894,8.911
1.264,-0.211,0.804,4.883,-31.128,-13.916
1.013,-0.183,0.510,25.574,-23.682,-37.659
0.942,-0.141,0.260,21.667,-16.357,-11.963
0.936,-0.095,0.158,4.333,-13.672,16.968
0.966,-0.036,0.080,0.000,-10.925,25.146
0.950,-0.045,0.025,4.456,-15.381,16.602
0.947,-0.070,0.051,3.235,-20.386,15.930
0.955,-0.072,0.086,-5.432,-18.188,26.550
1.015,-0.072,0.147,-9.644,-19.104,32.227
1.045,-0.088,0.200,-6.775,-21.667,22.766
1.066,-0.070,0.230,1.465,-15.747,6.958
1.064,-0.076,0.258,3.723,-5.981,-3.052
0.988,-0.090,0.167,5.432,-1.099,-6.531
0.950,-0.067,0.110,4.333,-5.920,3.601
0.999,-0.018,0.134,1.770,-9.094,12.695
1.038,0.003,0.134,0.671,-6.897,9.766
1.029,0.003,0.118,-0.793,-4.822,4.822
1.041,-0.011,0.154,-1.282,-7.812,1.099
1.040,-0.016,0.174,-2.014,-7.690,-1.770
1.055,-0.034,0.192,-1.648,-5.310,-8.301
1.048,-0.067,0.207,0.305,-1.892,-11.292
1.009,-0.070,0.181,1.160,-0.305,-10.925
0.989,-0.056,0.160,0.916,-0.916,-6.714
0.999,-0.037,0.159,-2.014,-0.122,-5.066
0.998,-0.052,0.161,-5.676,2.869,-6.958
0.979,-0.103,0.173,-3.723,0.610,-11.475
0.976,-0.128,0.174,-0.793,-0.061,-8.911
0.980,-0.116,0.159,1.038,-0.610,-5.615
0.982,-0.108,0.176,0.000,0.122,-2.258
0.993,-0.106,0.183,-2.014,0.854,1.831

0.805,0.409,-0.887,44.556,68.909,39.917
0.609,0.538,-0.940,36.011,79.224,35.095
0.367,0.481,-0.864,-11.475,50.232,20.020
0.297,0.160,-0.242,-19.653,-5.798,5.249
0.628,-0.161,0.417,-4.395,-93.140,-16.724
1.054,-0.330,1.168,-28.137,-117.432,30.518
1.505,0.009,1.390,-13.062,7.812,18.921
1.419,0.197,1.020,51.575,18.860,-114.441
0.580,-0.149,0.588,54.199,-49.622,-157.166
0.787,-0.221,0.722,-10.254,-70.984,-50.171
1.246,-0.053,0.857,-34.424,-63.599,18.005
1.347,0.032,0.696,-5.615,-38.330,-20.996
1.026,-0.049,0.392,23.254,-15.869,-76.172
0.829,-0.168,0.150,22.156,-14.099,-66.772
0.899,-0.137,0.123,-3.418,-18.433,-3.235
1.061,-0.024,0.158,-18.982,-12.634,35.339
1.104,0.011,0.151,-10.864,-10.010,10.010
1.066,-0.057,0.134,-0.977,-8.240,-13.672
0.975,-0.123,0.143,3.296,-4.822,-9.338
0.999,-0.051,0.125,-0.061,-2.197,9.949
1.054,-0.002,0.107,-4.333,-0.427,13.916
1.033,-0.019,0.129,-1.099,-3.113,1.099
1.018,-0.021,0.135,2.930,-2.991,-5.615
1.030,-0.025,0.113,4.944,0.366,-8.850
1.012,-0.039,0.104,7.141,1.038,-13.123
0.983,-0.061,0.109,7.568,-1.526,-14.771
0.987,-0.068,0.128,4.395,-0.977,-6.775
1.005,-0.060,0.116,2.136,0.854,2.319
0.998,-0.046,0.118,1.953,-0.183,2.808
1.007,-0.032,0.142,3.052,0.793,-0.122
1.009,-0.032,0.139,4.456,0.793,-5.554
0.966,-0.060,0.131,3.662,0.122,-6.531
0.952,-0.057,0.112,0.977,-0.793,-1.892
0.972,-0.037,0.120,-2.563,-0.916,4.700
1.001,-0.024,0.133,-1.892,-2.808,3.540
0.999,-0.025,0.133,-0.366,-2.319,-1.343
1.003,-0.040,0.144,-0.610,-0.488,-2.747
1.008,-0.047,0.130,-0.671,0.488,-2.808
0.999,-0.054,0.116,-2.075,0.488,-0.427
1.006,-0.061,0.125,-0.549,-1.282,1.038

1.051,0.190,-0.979,-5.920,44.495,42.358
0.927,0.289,-1.119,-19.958,58.960,56.641
0.791,0.292,-1.033,-38.635,67.322,43.701
0.705,0.224,-0.753,-16.663,54.443,-2.075
0.650,0.161,-0.424,30.640,28.442,-72.205
0.648,0.188,-0.038,66.345,-3.174,-140.991
0.605,0.138,0.240,34.119,-12.085,-146.057
0.512,-0.154,0.512,-26.367,-21.851,-75.439
0.918,-0.386,0.968,-38.574,-62.500,-8.240
1.444,-0.341,1.301,-21.606,-91.431,-8.545
1.543,-0.294,1.313,-7.202,-58.411,-34.607
1.259,-0.353,0.861,5.554,-25.696,-50.659
1.081,-0.346,0.714,6.531,-21.851,-19.348
1.031,-0.130,0.312,-4.700,-13.062,30.579
1.069,-0.030,0.159,-5.310,-10.620,33.508
1.037,-0.037,0.109,4.150,-14.343,8.850
0.897,-0.072,0.027,7.874,-14.404,5.432
0.852,-0.073,-0.054,1.648,-9.766,22.766
0.870,-0.052,-0.062,-3.723,-14.404,35.400
0.946,-0.031,-0.020,-7.263,-17.517,37.720
1.044,-0.025,0.059,-6.897,-18.799,29.846
1.055,-0.029,0.090,-0.061,-18.127,9.827
0.998,-0.042,0.071,2.380,-15.137,-0.977
1.027,-0.057,0.100,0.977,-16.907,-0.732
1.032,-0.051,0.095,-1.282,-12.329,1.343
1.038,-0.056,0.112,-1.831,-6.409,0.610
1.043,-0.063,0.106,-0.793,-1.343,-1.465
1.009,-0.065,0.039,2.197,-3.540,-4.028
1.022,-0.063,0.069,4.639,-6.104,-1.953
1.016,-0.039,0.062,2.930,-2.380,0.977
1.020,-0.056,0.069,1.343,-3.418,-1.404
0.994,-0.073,0.090,0.488,-3.357,-0.305
1.002,-0.052,0.100,0.122,-1.404,4.211
1.024,-0.056,0.125,0.366,-0.549,-1.648
0.983,-0.075,0.087,2.563,1.221,-4.395
0.969,-0.088,0.082,3.845,-1.526,-0.427
0.989,-0.058,0.092,1.953,1.221,4.578
0.995,-0.027,0.067,1.709,1.465,0.854
1.000,-0.044,0.070,3.479,-0.732,-3.906
1.000,-0.049,0.080,0.916,0.000,-2.319

0.988,0.128,-1.041,33.386,29.419,-13.184
0.879,0.204,-1.086,9.949,40.955,2.197
0.847,0.166,-0.905,1.160,45.349,5.066
0.786,0.158,-0.649,10.559,30.334,-6.775
0.671,0.176,-0.400,6.470,25.330,-11.963
0.712,0.129,0.006,-2.319,32.166,-15.747
0.845,0.046,0.327,22.461,19.104,-62.256
0.793,-0.153,0.425,13.489,-24.353,-73.975
0.813,-0.444,0.716,-42.236,-37.659,10.620
1.267,-0.355,1.068,-46.021,-11.841,64.270
1.498,-0.105,0.898,2.563,-15.381,-7.202
1.086,-0.213,0.585,31.006,-29.541,-76.660
0.904,-0.336,0.463,15.625,-34.546,-60.852
0.931,-0.283,0.398,-11.292,-22.949,19.470
0.995,-0.143,0.302,-6.531,-27.039,24.170
1.029,-0.048,0.182,4.333,-25.330,8.240
0.937,-0.012,-0.022,7.996,-19.104,-2.563
0.890,-0.027,-0.097,1.770,-19.287,-1.831
0.908,-0.018,-0.097,-11.292,-16.357,15.625
0.981,-0.036,-0.012,-15.808,-18.127,21.484
1.025,-0.057,0.040,-8.484,-15.320,7.019
1.034,-0.078,0.038,-4.089,-12.939,-5.554
0.984,-0.119,0.027,-2.441,-12.939,-7.324
0.967,-0.119,0.039,-2.258,-13.245,1.099
1.011,-0.099,0.063,-2.930,-12.756,3.113
1.011,-0.111,0.082,-1.282,-15.991,1.282
1.049,-0.087,0.086,-1.038,-14.771,4.333
1.083,-0.092,0.086,-2.563,-10.925,3.418
1.066,-0.125,0.058,2.014,-8.972,-2.869
1.023,-0.115,0.031,7.019,-8.728,-3.113
1.030,-0.085,0.056,7.812,-8.545,1.648
1.034,-0.042,0.065,0.732,0.183,4.883
1.033,-0.042,0.069,-1.526,2.258,2.014
1.007,-0.081,0.074,4.333,-0.854,-8.789
0.996,-0.090,0.062,6.226,-0.305,-5.981
0.996,-0.071,0.044,4.333,0.122,-1.221
0.998,-0.053,0.046,1.282,-0.244,1.709
1.004,-0.062,0.055,0.000,-1.343,0.671
1.007,-0.095,0.059,1.770,-2.441,1.099
1.020,-0.108,0.085,4.822,-3.479,2.136

1.068,-0.012,-0.932,10.254,38.391,-30.212
0.707,-0.126,-0.925,15.625,60.425,-15.198
0.415,-0.130,-0.633,18.188,65.125,21.240
0.645,0.144,-0.230,52.246,43.823,4.150
0.636,0.117,0.094,63.904,-22.339,-83.313
0.523,-0.341,0.602,-13.550,-65.063,-29.541
1.711,-0.222,1.324,-1.831,-71.838,11.658
1.648,-0.176,1.255,21.240,-73.120,-34.973
1.413,-0.260,1.071,4.333,-27.527,-32.715
1.302,-0.123,0.699,8.606,-21.790,-17.700
1.126,-0.015,0.433,17.090,-20.386,-27.405
0.956,-0.033,0.251,8.850,-17.639,-33.325
0.915,-0.109,0.142,5.676,-19.897,-16.907
0.899,-0.102,0.009,7.568,-18.127,3.784
0.856,-0.048,-0.064,5.371,-18.860,16.846
0.867,-0.070,-0.065,-3.601,-24.597,24.719
0.949,-0.096,0.013,-12.146,-26.245,35.950
1.029,-0.070,0.095,-9.766,-23.315,32.410
1.076,-0.066,0.151,-2.747,-17.334,14.282
1.043,-0.105,0.141,1.709,-14.587,1.343
1.041,-0.114,0.144,5.066,-12.207,0.183
1.028,-0.076,0.123,3.296,-5.798,4.395
1.023,-0.064,0.074,1.526,-2.808,3.418
1.010,-0.082,0.066,2.197,-5.066,2.563
1.019,-0.080,0.055,4.944,-5.127,2.380
1.012,-0.064,0.066,5.493,-3.601,5.432
1.021,-0.056,0.064,0.977,-2.319,7.874
1.024,-0.057,0.093,-0.427,-2.136,6.531
1.011,-0.066,0.089,-0.427,-1.587,4.395
1.008,-0.072,0.097,1.526,-0.549,4.395
0.998,-0.069,0.103,2.686,-0.488,5.310
1.041,-0.037,0.106,-0.183,3.784,7.202
1.023,-0.047,0.083,0.671,7.202,0.916
0.994,-0.049,0.072,8.545,4.578,-9.644
0.975,-0.043,0.057,6.836,4.395,-8.057
0.973,-0.046,0.042,2.930,3.723,-4.456
0.967,-0.054,0.036,2.075,0.366,-1.282
0.976,-0.059,0.062,1.160,-2.075,2.319
1.008,-0.048,0.088,0.977,-1.099,3.357
0.994,-0.049,0.071,0.793,0.732,2.258

1.146,0.146,-0.795,0.732,45.227,18.250
0.995,0.211,-0.950,-11.658,73.669,36.377
0.688,0.242,-1.082,-39.246,76.782,51.025
0.281,0.167,-0.915,-76.782,56.335,77.576
0.566,0.217,-0.366,-90.881,12.756,88.623
0.898,0.252,0.208,-56.946,-64.636,-36.072
0.863,0.052,0.614,-61.523,-67.932,-85.144
0.984,-0.194,0.870,-42.664,-64.941,-94.788
1.060,-0.447,1.010,-17.517,-77.393,-55.664
1.263,-0.281,1.058,-14.526,-70.190,4.150
1.323,-0.095,0.865,-16.541,-28.931,15.503
1.248,-0.042,0.555,1.099,-29.785,-27.466
1.059,-0.170,0.392,16.357,-35.034,-56.763
0.936,-0.251,0.255,3.235,-14.771,3.784
1.001,-0.152,0.165,0.244,-8.301,36.072
1.042,-0.049,0.082,7.263,-11.230,24.292
0.969,-0.039,-0.036,10.254,-15.503,7.568
0.968,-0.067,0.003,5.798,-21.240,5.981
1.024,-0.093,0.065,0.061,-19.287,14.709
1.057,-0.079,0.101,-2.625,-13.062,15.808
1.066,-0.078,0.131,-0.793,-8.545,7.690
1.036,-0.069,0.138,3.601,-5.981,1.221
1.015,-0.077,0.089,5.737,-2.502,-3.906
0.969,-0.094,0.070,6.226,-3.296,-2.136
0.981,-0.083,0.067,6.470,-5.493,8.118
1.003,-0.058,0.075,10.010,-6.775,6.958
1.007,-0.032,0.074,8.362,-6.470,6.836
1.020,-0.026,0.092,5.066,-3.601,7.446
1.004,-0.042,0.078,5.798,-3.479,-0.916
0.980,-0.084,0.087,8.179,-5.676,-4.333
0.964,-0.080,0.076,7.385,-4.150,-1.648
0.941,-0.092,0.081,5.127,-3.601,1.709
0.950,-0.088,0.094,5.432,-6.165,6.775
0.984,-0.043,0.108,6.226,-7.507,11.414
1.029,-0.001,0.117,4.822,-5.554,6.958
1.045,0.012,0.126,2.686,-3.052,-0.366
1.036,-0.006,0.111,2.869,-1.099,-7.996
0.997,-0.044,0.094,3.845,-2.258,-13.733
0.985,-0.074,0.101,3.662,-4.150,-7.019
1.028,-0.065,0.136,2.686,-4.578,-0.427

1.355,-0.408,0.987,-44.128,-24.597,13.794
1.598,-0.261,1.073,-32.471,-4.822,10.620
1.402,-0.171,0.857,23.743,-22.949,-88.928
1.077,-0.320,0.690,7.019,-22.400,-71.655
1.020,-0.378,0.650,-15.259,-4.639,-7.019
1.015,-0.249,0.490,-16.479,-0.610,16.968
0.978,-0.161,0.332,-3.784,-9.460,7.080
0.867,-0.124,0.172,8.057,-15.686,-3.784
0.840,-0.083,0.058,5.371,-12.085,8.667
0.887,-0.023,-0.000,-5.005,-9.705,27.100
0.952,0.000,-0.026,-7.385,-13.245,24.170
0.969,-0.030,0.006,-2.930,-18.982,4.150
0.972,-0.091,0.055,0.244,-20.020,-11.047
0.953,-0.149,0.065,-2.563,-15.259,-9.521
0.977,-0.153,0.086,-6.470,-12.634,3.662
1.019,-0.122,0.116,-5.981,-13.184,9.216
1.048,-0.100,0.140,-2.991,-12.451,3.540
1.042,-0.102,0.116,-1.099,-7.446,-5.920
1.018,-0.128,0.107,2.502,-4.578,-13.794
0.984,-0.134,0.072,2.258,-4.822,-9.888
0.991,-0.117,0.055,1.343,-6.836,-3.540
1.013,-0.104,0.062,0.671,-6.042,-1.038
1.018,-0.100,0.078,-0.061,-5.554,-0.549
1.028,-0.111,0.082,0.061,-3.357,-2.319
1.003,-0.105,0.065,1.953,-1.831,-5.066
0.982,-0.117,0.086,2.502,-4.211,-7.935
0.985,-0.147,0.100,1.953,-4.028,-11.108
0.988,-0.162,0.083,4.517,-3.479,-13.000
1.008,-0.147,0.096,8.362,-3.418,-12.756
0.995,-0.141,0.073,11.597,-3.906,-15.869
0.973,-0.143,0.047,10.132,-4.639,-14.282
0.967,-0.151,0.048,5.371,-5.493,-6.775
0.990,-0.160,0.074,2.686,-6.226,2.502
1.016,-0.136,0.072,3.052,-4.395,3.479
1.035,-0.121,0.076,1.709,-3.845,0.122
1.029,-0.143,0.106,0.854,-1.160,0.244
1.025,-0.146,0.099,1.404,0.244,1.831
1.015,-0.147,0.099,1.892,0.183,2.930
1.007,-0.138,0.096,2.136,0.061,4.211
1.013,-0.135,0.113,1.282,0.488,5.432

0.990,0.107,-1.070,5.371,55.847,16.479
0.877,0.233,-1.245,15.076,58.594,28.625
0.633,0.307,-1.232,4.700,53.345,37.781
0.442,0.284,-1.037,-21.545,57.312,53.650
0.395,0.240,-0.617,-10.986,20.996,37.537
0.521,0.164,-0.014,10.132,-2.686,16.846
1.112,0.014,0.664,46.082,-76.965,-51.392
1.242,-0.115,1.059,35.461,-107.727,-102.539
0.956,-0.066,0.905,-11.475,11.902,-62.073
0.866,-0.054,0.736,1.343,-48.706,-72.632
0.942,-0.173,0.888,-11.047,-102.417,-59.021
1.235,-0.344,1.180,-29.785,-69.885,-18.738
1.342,-0.267,0.970,-16.663,-10.803,-2.380
1.106,-0.120,0.380,7.874,-4.456,-30.945
0.914,-0.143,0.197,26.367,-17.822,-50.171
0.888,-0.067,0.030,26.917,-21.484,-28.748
0.948,0.031,-0.058,8.545,-19.531,3.845
1.027,0.012,-0.022,-10.132,-16.113,15.015
1.010,-0.077,0.029,-8.362,-20.203,1.465
0.981,-0.100,0.009,0.061,-20.325,-4.761
0.980,-0.064,0.019,0.732,-18.311,0.549
0.986,-0.059,0.057,-5.188,-15.198,6.165
1.031,-0.092,0.077,-7.263,-13.672,8.667
1.076,-0.082,0.118,-3.113,-12.573,9.644
1.089,-0.059,0.123,2.625,-8.240,4.517
1.061,-0.032,0.072,5.615,-4.089,-4.211
1.021,-0.046,0.037,3.662,-4.639,-12.817
0.976,-0.090,0.048,2.319,-5.371,-8.667
0.968,-0.114,0.065,1.709,-5.737,-3.601
1.010,-0.082,0.078,0.427,-3.845,8.545
1.032,-0.063,0.079,0.793,-3.357,4.517
1.013,-0.071,0.083,0.427,-5.859,1.099
1.012,-0.069,0.090,-1.160,-4.700,2.319
1.008,-0.061,0.072,-1.526,-2.014,1.099
0.992,-0.054,0.086,-2.197,-1.831,0.244
1.013,-0.054,0.092,-4.150,-1.404,1.099
1.027,-0.070,0.089,-5.127,0.000,-0.244
1.013,-0.087,0.099,-3.174,0.549,-2.563
1.005,-0.084,0.097,-1.892,1.282,-3.357
1.013,-0.086,0.094,-1.648,2.930,-4.639

1.088,0.174,-0.808,-30.090,29.175,60.303
1.155,0.185,-0.991,-22.949,44.556,48.096
1.123,0.257,-1.190,-3.723,67.871,9.827
0.764,0.191,-1.249,12.207,79.834,-47.668
0.308,-0.016,-1.208,20.325,70.984,-60.486
0.164,-0.020,-0.923,-2.808,41.443,34.973
0.406,0.118,-0.303,7.385,1.587,43.884
0.754,0.306,0.180,36.865,-46.509,-28.748
0.961,0.369,0.435,22.278,-90.759,-109.375
1.085,0.005,0.919,-39.429,-93.506,-94.360
1.489,-0.317,1.436,-49.133,-75.684,-46.936
1.702,-0.237,1.275,-12.451,-65.857,-55.359
1.547,-0.274,1.052,2.136,-53.345,-88.196
1.426,-0.338,0.953,5.371,-28.259,-94.849
1.142,-0.414,0.695,8.789,-7.629,-65.002
0.941,-0.295,0.291,13.123,-5.066,-26.794
0.905,-0.242,0.201,15.564,-8.850,1.648
0.836,-0.063,-0.059,13.000,-8.972,17.883
0.828,-0.037,-0.104,4.883,-11.414,22.827
0.818,-0.055,-0.130,6.165,-14.709,20.874
0.855,-0.049,-0.094,7.202,-24.719,22.766
0.943,-0.035,-0.008,1.526,-26.978,27.100
0.998,-0.072,0.037,-4.883,-19.592,22.339
1.002,-0.082,0.096,-3.662,-18.066,16.235
1.038,-0.090,0.122,-0.183,-14.221,13.306
1.040,-0.080,0.094,0.427,-11.108,12.268
1.024,-0.051,0.088,1.404,-8.972,5.859
1.024,-0.064,0.098,1.709,-5.798,1.587
1.028,-0.091,0.066,3.662,-3.662,0.488
0.998,-0.090,0.041,9.216,-4.700,-0.488
0.962,-0.074,0.029,9.827,-9.583,2.808
0.977,-0.045,0.021,3.662,-8.911,12.634
0.999,-0.041,0.048,0.732,-10.803,16.418
1.017,-0.040,0.099,2.380,-13.611,15.320
1.034,-0.025,0.115,3.113,-8.850,13.794
1.029,-0.017,0.109,1.160,-3.052,9.705
1.023,-0.029,0.104,1.099,-2.502,1.465
1.007,-0.048,0.110,2.808,-2.502,-4.272
0.985,-0.043,0.095,3.418,-0.977,-3.540
0.982,-0.043,0.084,0.793,-0.488,-0.793

1.038,0.156,-0.949,-40.649,59.082,16.907
0.987,0.098,-1.015,-22.888,57.495,4.944
0.804,0.031,-1.035,1.709,41.992,4.150
0.462,0.126,-0.895,-11.230,33.325,42.725
0.623,0.258,-0.511,-39.612,38.208,81.665
1.028,0.312,0.089,32.776,-16.907,-81.116
1.046,-0.090,0.536,89.722,-75.439,-201.599
0.674,-0.456,0.727,35.095,-61.279,-114.075
1.117,-0.115,0.957,-24.658,-41.748,-3.418
1.437,-0.167,1.191,-6.470,-87.219,-45.471
1.288,-0.423,1.234,16.113,-102.661,-92.407
1.256,-0.419,0.956,5.981,-50.171,-52.124
1.144,-0.253,0.573,-5.432,-8.667,-15.015
1.009,-0.207,0.351,-0.061,-12.207,-15.930
0.948,-0.163,0.193,2.258,-16.113,-8.179
0.965,-0.130,0.124,-0.610,-16.846,4.822
0.915,-0.149,0.066,-4.456,-11.597,11.414
0.865,-0.156,-0.035,-3.296,-9.949,15.259
0.900,-0.102,-0.077,-1.709,-12.695,23.926
0.914,-0.074,-0.071,-1.648,-18.311,19.531
0.935,-0.092,-0.042,-2.136,-20.996,14.648
0.968,-0.097,-0.008,-6.104,-19.348,14.221
1.041,-0.130,0.073,-6.775,-13.794,10.437
1.043,-0.148,0.087,-3.418,-10.681,3.662
1.035,-0.155,0.092,0.854,-10.315,0.854
1.035,-0.140,0.105,1.404,-9.399,5.432
1.044,-0.102,0.096,0.977,-6.287,10.315
1.040,-0.063,0.077,1.526,-2.197,10.193
1.029,-0.075,0.067,3.662,-1.587,1.404
0.996,-0.089,0.061,4.700,-1.831,1.892
0.993,-0.059,0.027,3.845,-1.160,7.263
0.995,-0.052,0.042,-1.160,-1.404,11.719
1.013,-0.063,0.089,-3.723,-2.197,11.597
1.019,-0.050,0.080,1.038,-2.747,2.075
0.986,-0.067,0.097,0.000,-2.075,-0.366
0.983,-0.074,0.087,-2.808,0.916,2.136
0.996,-0.087,0.083,-4.150,1.099,3.357
0.992,-0.101,0.091,-3.113,-0.549,3.479
0.982,-0.091,0.088,-1.709,-0.671,5.859
0.990,-0.075,0.100,0.183,-0.061,7.935

1.277,0.370,-0.606,17.151,42.419,32.776
1.212,0.501,-0.857,12.573,48.645,35.767
1.057,0.572,-0.955,-23.865,69.092,52.673
0.847,0.506,-0.879,-42.786,74.524,42.175
0.685,0.351,-0.693,-36.682,60.730,11.414
0.603,0.239,-0.400,-10.742,31.006,-33.264
0.539,0.038,-0.038,0.610,-36.499,-60.181
0.591,-0.277,0.559,-30.334,-79.468,-2.747
1.291,-0.054,1.120,-52.795,-43.518,54.321
1.432,0.161,1.096,-3.113,-34.363,-26.489
0.884,-0.098,0.883,47.913,-75.073,-141.968
0.737,-0.320,0.946,30.640,-90.149,-89.844
1.045,-0.221,0.985,-15.747,-52.734,46.387
1.271,-0.008,0.894,-3.662,-37.659,28.259
1.213,0.039,0.727,22.217,-29.114,-29.480
0.949,-0.016,0.363,35.767,-16.113,-60.608
0.794,-0.098,0.173,23.560,-9.460,-41.199
0.834,-0.071,0.126,0.610,-7.446,11.597
0.963,0.001,0.123,-7.874,-9.277,37.048
0.991,0.043,0.128,0.122,-6.287,18.127
0.983,0.039,0.140,2.869,-3.601,6.775
0.986,0.060,0.132,-0.244,-1.770,6.226
1.011,0.065,0.160,-3.296,-2.319,5.676
1.035,0.075,0.181,-3.784,-0.610,-1.038
1.043,0.061,0.192,-2.319,1.709,-12.329
1.046,0.047,0.182,1.892,3.418,-23.132
0.985,-0.012,0.149,5.066,2.808,-31.738
0.941,-0.073,0.138,-1.343,3.601,-10.376
0.985,-0.061,0.163,-2.808,4.089,4.456
1.037,-0.022,0.168,0.549,4.211,1.770
1.017,-0.023,0.166,5.676,3.357,-7.263
0.980,-0.018,0.144,6.348,3.601,-8.179
0.974,-0.023,0.143,0.671,2.808,-1.892
1.001,-0.033,0.174,-1.526,2.625,2.625
1.010,-0.023,0.179,2.625,3.113,-0.732
0.988,-0.016,0.154,5.676,4.700,-7.080
0.966,0.003,0.117,3.601,4.700,-6.531
0.968,0.016,0.114,-2.380,3.235,-4.761
0.984,-0.002,0.134,-5.249,2.991,-7.263
0.987,-0.057,0.149,0.000,2.747,-13.062

1.143,0.156,-0.888,16.235,54.138,19.714
1.062,0.277,-1.174,7.141,62.317,43.213
0.855,0.382,-1.222,-16.357,58.105,62.744
0.623,0.320,-0.930,-45.715,65.857,66.833
0.511,0.217,-0.618,-50.659,62.378,45.410
0.546,0.180,-0.262,7.141,0.793,-43.091
0.486,0.041,0.028,20.325,-35.767,-68.970
0.686,-0.137,0.553,-5.981,-80.383,-37.842
1.272,-0.107,1.155,-55.237,-63.782,43.030
1.748,0.080,1.409,-39.856,-32.715,29.358
1.525,0.090,1.141,22.400,-29.053,-86.060
1.012,-0.172,0.893,40.466,-49.133,-141.602
0.993,-0.279,0.805,-5.493,-28.748,-27.405
1.088,-0.156,0.703,-11.475,-17.273,9.338
1.121,-0.077,0.556,7.812,-15.015,-11.902
0.985,-0.069,0.345,27.710,-12.573,-32.715
0.822,-0.038,0.125,29.419,-14.709,-21.545
0.743,-0.010,-0.027,6.592,-13.428,19.470
0.918,0.056,-0.044,-11.108,-13.000,40.833
0.968,0.029,0.006,-7.141,-22.522,24.414
1.007,-0.017,0.100,0.549,-27.161,7.874
1.032,-0.021,0.105,-0.244,-15.381,6.531
1.014,-0.003,0.082,-4.944,-4.944,10.315
1.030,-0.003,0.094,-3.357,-9.216,7.324
1.023,0.008,0.094,-1.038,-8.789,4.761
1.036,0.023,0.093,1.160,-7.629,2.197
1.030,0.023,0.080,3.418,-9.338,-5.798
0.982,0.017,0.043,4.761,-8.789,-10.437
0.959,-0.004,0.051,6.409,-16.479,-7.385
0.964,-0.013,0.084,2.930,-15.686,4.333
1.039,0.005,0.128,-0.244,-11.230,7.141
1.090,-0.008,0.149,-0.183,-4.272,0.793
1.011,-0.027,0.143,4.333,-2.808,-5.737
0.985,-0.027,0.122,7.324,-4.028,-6.165
0.983,-0.021,0.122,4.578,-1.526,-0.427
0.991,-0.008,0.108,3.601,-0.061,0.671
0.991,0.005,0.098,4.578,-0.916,-2.563
0.973,0.008,0.090,3.601,-0.427,-3.662
0.966,0.009,0.081,3.662,-2.686,-5.249
0.982,0.008,0.104,3.601,-5.493,-8.545

1.138,0.288,-0.894,-2.136,19.043,23.682
1.144,0.507,-1.168,-8.423,4.211,24.536
1.051,0.625,-1.154,-43.457,1.038,13.062
0.800,0.425,-0.963,-73.853,29.419,12.939
0.504,0.147,-0.770,-98.694,43.335,26.306
0.582,-0.124,-0.006,-65.552,-0.305,5.676
0.850,-0.123,0.488,3.967,-70.496,-51.270
1.003,-0.230,0.911,0.549,-82.703,-62.500
1.203,-0.368,1.281,-62.561,-10.559,18.372
1.339,-0.326,1.320,-23.437,-6.470,15.564
1.205,-0.113,0.984,27.283,-28.320,-31.372
1.053,-0.117,0.801,38.208,-43.640,-54.199
1.046,-0.116,0.676,9.827,-15.869,-21.729
0.957,-0.134,0.506,2.808,-0.427,-2.075
0.890,-0.065,0.223,11.169,-5.859,13.428
0.900,0.049,0.076,15.503,-9.521,24.170
0.883,0.123,-0.021,12.390,-10.254,23.193
0.923,0.107,-0.030,5.676,-15.564,13.977
0.974,0.068,0.018,-5.371,-13.367,7.080
1.002,0.018,0.036,-3.296,-11.780,-2.563
1.011,-0.026,0.067,-1.343,-13.123,-7.446
1.054,-0.054,0.112,0.610,-11.353,-10.071
1.027,-0.073,0.092,3.540,-8.057,-15.808
0.997,-0.069,0.088,6.042,-8.301,-16.602
0.986,-0.083,0.091,3.601,-9.949,-9.094
1.007,-0.068,0.072,-0.732,-8.545,-2.258
1.037,-0.079,0.105,1.099,-8.484,-3.601
1.021,-0.059,0.089,4.395,-3.174,-3.784
1.011,-0.047,0.076,7.080,-3.540,-4.822
0.996,-0.051,0.082,7.141,-3.601,-2.991
0.991,-0.032,0.063,4.395,-1.587,1.282
0.998,-0.029,0.088,3.540,-6.592,1.160
1.000,-0.026,0.097,1.587,-3.601,-1.648
0.993,-0.036,0.098,1.709,-3.601,-5.981
1.001,-0.078,0.117,3.235,-2.930,-6.836
1.000,-0.066,0.098,4.822,-1.770,-6.592
0.991,-0.083,0.111,7.019,-5.310,-8.972
0.996,-0.092,0.131,8.606,-4.150,-6.653
1.011,-0.071,0.120,10.315,-1.282,-5.310
1.005,-0.078,0.120,10.010,-3.418,-4.822

0.779,0.331,-1.013,28.564,21.851,37.903
0.861,0.375,-0.773,-0.610,18.738,51.331
0.924,0.315,-0.436,14.893,20.935,1.343
0.771,-0.018,-0.054,42.542,10.864,-55.542
0.731,-0.078,0.120,39.795,-11.169,-60.242
0.942,-0.158,0.450,1.831,-42.542,-40.222
1.033,-0.392,0.803,-46.997,-57.861,-1.770
1.205,-0.501,1.053,-33.447,-51.697,18.982
1.471,-0.400,1.074,4.517,-48.096,-13.855
1.393,-0.326,0.909,27.954,-29.236,-53.772
1.061,-0.307,0.646,11.414,-18.250,-44.006
0.957,-0.279,0.419,-15.564,-13.489,4.089
1.031,-0.202,0.315,-18.250,-17.578,23.193
1.033,-0.143,0.221,-6.714,-17.273,13.672
0.947,-0.108,0.093,3.967,-7.507,2.686
0.875,-0.055,-0.032,6.958,-6.165,4.028
0.899,-0.023,-0.045,-1.465,-15.625,15.686
0.985,0.011,-0.025,-10.254,-12.756,26.062
0.997,-0.005,0.000,-10.071,-11.719,17.029
1.008,-0.013,0.035,-6.226,-11.292,8.057
1.022,-0.020,0.038,-1.648,-4.822,-2.808
1.007,-0.036,0.016,-0.977,-2.747,-6.836
0.982,-0.048,0.016,-2.197,-4.089,-5.981
1.014,-0.061,0.045,-0.732,-4.700,-5.676
1.024,-0.074,0.023,2.258,-2.136,-8.057
1.001,-0.076,0.004,2.747,-0.488,-6.897
0.985,-0.059,0.006,-2.686,-0.427,0.916
1.017,-0.057,0.034,-4.578,-3.357,4.272
1.030,-0.048,0.028,-1.282,-2.930,-2.014
1.018,-0.045,0.036,-0.916,-2.808,-5.676
1.001,-0.053,0.047,-3.052,-1.221,-5.554
0.994,-0.071,0.045,-3.357,0.366,-5.371
0.992,-0.066,0.039,-1.892,0.061,-5.676
0.986,-0.051,0.018,-2.502,0.549,-5.615
0.993,-0.037,0.016,-5.188,1.160,-4.089
1.005,-0.038,0.027,-5.859,-0.732,-7.080
1.002,-0.061,0.030,-6.348,0.366,-10.864
0.993,-0.096,0.041,-5.188,0.549,-12.268
0.998,-0.116,0.055,-2.014,-1.282,-10.864
0.998,-0.121,0.060,-0.305,-1.160,-8.972

0.860,0.284,-0.974,11.047,24.841,74.524
0.837,0.380,-1.052,-10.071,36.194,113.647
0.788,0.522,-1.010,-4.272,33.936,94.055
0.530,0.531,-0.760,1.343,23.193,41.382
0.490,0.440,-0.422,-3.723,4.028,-6.226
0.752,0.183,0.189,-7.568,-73.364,-89.905
1.004,-0.291,0.972,-16.174,-98.022,-90.759
1.421,-0.364,1.266,-37.354,-72.327,-63.782
1.529,-0.490,1.391,-23.254,-37.048,-77.576
1.305,-0.518,1.155,7.019,-25.269,-78.735
0.948,-0.277,0.586,9.644,-13.367,-45.044
0.897,-0.117,0.329,1.099,-16.235,-21.606
0.937,-0.014,0.285,-5.005,-19.958,-10.376
0.976,0.012,0.206,-2.930,-18.982,-20.020
0.962,-0.018,0.127,0.671,-20.447,-12.146
0.928,0.011,0.053,-3.235,-23.987,9.766
1.011,0.060,0.029,-15.076,-29.236,18.127
1.071,-0.006,0.126,-22.766,-31.372,10.437
1.082,-0.053,0.154,-18.372,-24.048,-2.747
1.076,-0.089,0.139,-8.240,-16.724,-14.832
1.027,-0.109,0.133,-6.836,-13.672,-10.132
1.027,-0.106,0.113,-8.667,-7.996,-0.671
1.032,-0.093,0.087,-7.812,-6.775,1.160
1.019,-0.103,0.070,-4.272,-7.812,-2.991
0.997,-0.098,0.072,0.061,-12.451,1.709
1.033,-0.087,0.102,0.244,-10.803,7.690
1.053,-0.047,0.108,1.221,-8.301,5.920
1.050,-0.048,0.109,2.502,-2.991,-1.282
1.007,-0.059,0.088,0.916,-0.122,-5.127
0.997,-0.100,0.132,-1.099,-4.028,-2.869
0.996,-0.108,0.137,1.953,-0.916,3.113
0.997,-0.083,0.115,5.005,-2.686,1.343
0.985,-0.084,0.130,7.690,-0.854,-1.953
0.963,-0.044,0.078,9.399,1.709,0.122
0.985,-0.012,0.081,4.456,-0.305,3.967
0.999,-0.015,0.106,-1.038,0.000,2.136
1.014,-0.019,0.111,0.977,-0.366,-2.991
1.011,-0.068,0.129,2.502,-0.977,-8.850
1.001,-0.088,0.123,2.991,1.648,-5.981
1.007,-0.091,0.136,1.587,1.770,-0.977

0.975,0.191,-1.018,15.137,45.654,-12.207
0.843,0.296,-1.167,-0.366,55.359,13.550
0.606,0.285,-1.072,-22.095,64.880,27.466
0.367,0.203,-0.946,-29.419,59.753,26.917
0.340,0.209,-0.724,-28.748,17.578,9.705
0.719,-0.271,0.276,-35.645,-51.636,-9.094
1.312,-0.453,0.956,-39.429,-55.725,36.743
1.704,-0.181,1.125,-4.272,-22.339,-5.005
1.459,-0.179,1.064,29.785,-30.640,-80.139
1.151,-0.369,0.950,32.166,-40.039,-90.881
1.088,-0.314,0.771,10.193,-31.433,-21.484
1.121,-0.135,0.550,1.465,-25.085,22.217
0.995,-0.048,0.378,11.353,-21.301,14.160
0.871,0.014,0.207,25.696,-25.024,-1.770
0.812,0.066,0.060,16.907,-29.419,13.184
0.858,0.078,0.014,0.977,-32.410,35.461
0.965,0.083,0.044,-9.888,-29.236,40.161
1.042,0.013,0.081,-10.315,-23.071,29.846
1.036,-0.031,0.068,-1.648,-20.264,11.169
1.015,-0.047,0.067,6.409,-22.705,-2.686
1.029,-0.032,0.100,3.784,-22.400,-1.587
1.036,-0.029,0.123,-3.540,-14.832,7.263
1.077,-0.019,0.144,-2.258,-7.935,9.216
1.057,0.008,0.099,1.831,-5.798,0.000
1.024,0.002,0.084,1.892,-5.310,-6.470
1.032,-0.018,0.083,2.075,-5.249,-9.644
1.031,-0.026,0.082,5.127,-5.981,-11.841
1.008,-0.030,0.095,5.554,-6.165,-11.169
0.998,-0.041,0.089,5.005,-2.197,-9.766
0.973,-0.031,0.078,3.723,-1.831,-4.150
0.992,-0.036,0.089,2.563,-3.601,-4.150
0.972,-0.044,0.058,1.648,-1.953,-2.441
0.983,-0.017,0.079,1.282,-4.639,3.357
1.030,0.006,0.115,1.099,-6.348,2.869
1.042,0.008,0.105,-1.160,-1.038,-3.662
1.030,-0.033,0.109,-1.648,-2.441,-11.353
1.029,-0.066,0.117,-1.160,-0.793,-7.629
1.015,-0.070,0.101,0.000,0.183,-5.981
1.014,-0.074,0.112,2.258,-0.366,-4.333
1.013,-0.053,0.115,4.578,0.061,-0.671

0.935,0.290,-1.032,-24.597,39.185,60.059
0.865,0.345,-1.048,-47.302,47.607,25.574
0.697,0.146,-0.877,-45.471,43.152,-30.640
0.470,-0.170,-0.467,-26.917,34.241,-56.702
0.578,-0.168,-0.108,-0.244,-0.610,-62.744
0.778,-0.156,0.281,6.287,-57.556,-57.983
1.166,-0.266,0.837,-12.695,-52.124,-32.837
1.205,-0.358,1.027,-17.273,-52.734,16.357
1.382,-0.258,1.121,2.625,-58.960,33.081
1.460,-0.005,0.923,26.489,-46.997,0.427
1.146,-0.039,0.594,30.579,-28.137,-40.588
0.879,-0.161,0.392,13.123,-19.897,-27.588
0.849,-0.148,0.289,12.329,-24.841,28.625
0.924,-0.042,0.216,21.057,-25.757,36.804
0.988,0.044,0.145,23.071,-18.372,26.062
0.955,-0.007,0.061,19.470,-18.372,12.573
0.967,-0.064,0.092,11.292,-21.240,22.278
1.050,-0.016,0.122,4.639,-19.592,37.048
1.158,0.024,0.147,5.554,-11.719,16.907
1.095,0.005,0.142,7.202,-9.094,4.578
0.968,-0.003,0.098,5.493,-3.906,-0.916
0.980,-0.012,0.108,0.000,-7.690,12.451
1.047,0.013,0.128,0.000,-4.822,13.428
1.032,0.031,0.116,3.357,-4.822,2.136
1.008,0.049,0.100,3.235,-4.089,-2.869
1.000,0.038,0.091,0.122,-3.235,-3.479
1.005,-0.010,0.121,-3.784,-4.211,-0.122
1.033,-0.029,0.145,-3.052,-0.854,2.502
1.042,-0.028,0.137,-0.549,1.282,-0.122
1.008,-0.049,0.129,3.479,1.770,-1.404
0.970,-0.022,0.109,5.371,1.831,2.563
0.977,-0.001,0.112,3.540,1.526,8.118
1.009,0.004,0.118,2.502,3.296,11.475
1.002,0.004,0.132,3.906,3.723,8.728
0.995,0.013,0.131,4.883,2.808,5.371
1.012,0.010,0.128,4.150,4.272,4.639
1.005,0.004,0.118,3.113,4.578,2.319
0.981,0.004,0.123,1.160,3.357,2.747
0.986,0.000,0.144,-0.061,3.845,5.493
1.021,0.007,0.155,0.488,6.226,4.761

1.053,0.082,-0.916,-0.122,76.355,3.601
0.902,0.101,-1.066,5.493,94.543,-0.549
0.701,0.182,-1.169,10.559,109.436,-1.709
0.306,0.247,-1.123,9.644,107.178,-5.554
0.190,0.214,-0.896,13.489,78.430,-3.662
0.289,0.187,-0.416,24.658,9.277,0.549
0.771,0.180,0.123,34.363,-60.730,-50.964
1.075,-0.252,0.771,-4.333,-93.323,-35.034
1.469,-0.113,0.986,-33.936,-46.936,24.048
1.448,-0.041,0.914,-3.967,-34.546,-25.085
1.079,-0.281,0.747,23.132,-70.557,-85.693
1.070,-0.355,0.745,3.357,-83.252,-37.170
1.277,-0.163,0.629,-23.682,-49.072,27.222
1.221,-0.071,0.472,2.441,-22.034,-4.333
1.092,-0.045,0.298,29.114,-33.203,-47.668
0.885,-0.081,0.093,24.414,-30.090,-37.170
0.874,-0.120,-0.017,0.366,-27.405,6.348
1.000,-0.087,0.025,-12.207,-27.283,28.931
1.096,-0.061,0.047,-8.911,-19.897,19.897
1.049,-0.090,0.021,2.930,-16.968,2.075
1.002,-0.058,-0.002,8.179,-15.625,-0.916
1.013,-0.038,-0.025,-0.183,-10.193,8.484
1.025,-0.049,0.001,-6.104,-9.155,14.282
1.030,-0.021,0.037,-1.343,-8.606,10.193
1.087,0.012,0.017,3.601,-7.141,-5.310
1.052,-0.022,0.006,6.287,-3.479,-14.465
1.000,-0.053,-0.008,5.310,-2.380,-11.475
0.969,-0.063,-0.010,3.296,-2.747,-0.610
0.994,-0.038,-0.020,2.075,-3.601,6.714
1.034,-0.025,0.017,3.662,-4.395,3.479
1.033,-0.016,0.028,4.395,-3.113,-1.831
1.018,-0.019,0.014,3.296,0.122,-2.747
1.014,-0.011,0.005,1.282,0.122,-1.282
1.004,-0.013,0.015,-1.587,-0.427,-0.244
1.020,-0.024,0.005,-2.808,1.160,-1.099
1.019,-0.039,0.014,0.549,1.526,-4.456
1.007,-0.032,0.013,-0.122,2.258,-2.625
1.002,-0.026,0.009,-4.395,3.723,-1.282
1.000,-0.041,0.001,-4.517,3.662,-2.502
0.983,-0.050,-0.003,-2.625,1.282,-4.211

1.034,0.261,-1.153,-10.864,65.369,48.096
1.003,0.469,-1.402,-29.602,58.838,18.066
0.687,0.402,-1.255,-45.776,55.176,-7.324
0.365,0.008,-0.723,-69.397,42.603,-4.944
0.542,-0.096,-0.233,-54.993,18.250,0.854
0.646,-0.074,-0.023,10.010,-18.555,-39.795
0.755,0.030,0.359,35.461,-67.688,-72.815
1.051,-0.049,0.786,-9.705,-75.745,-45.227
1.215,-0.205,1.125,-50.537,-52.429,-2.686
1.322,-0.158,1.156,-30.945,-41.687,14.648
1.312,-0.007,0.944,17.334,-65.247,-22.705
1.103,-0.074,0.782,31.677,-81.299,-55.115
1.075,-0.091,0.652,-4.211,-48.218,-11.902
1.083,-0.009,0.484,-21.973,-20.081,27.039
1.123,0.087,0.274,-3.845,-23.254,13.367
1.034,0.065,0.123,6.653,-26.672,-21.973
0.926,-0.035,0.043,-7.996,-21.057,-6.531
0.929,-0.089,0.025,-21.057,-14.099,16.785
0.966,-0.102,0.019,-19.531,-15.869,18.616
0.976,-0.117,0.015,-5.554,-14.771,13.428
0.965,-0.075,-0.031,1.770,-11.719,13.000
0.986,-0.011,-0.066,-7.019,-10.071,15.381
1.032,-0.031,-0.009,-11.597,-8.850,11.597
1.037,-0.060,0.005,-7.263,-9.521,2.197
1.049,-0.061,0.011,-2.625,-8.545,-2.502
1.050,-0.057,0.023,1.770,-7.507,-4.028
1.035,-0.037,0.003,3.845,-4.761,-1.953
1.040,-0.032,0.006,2.625,-3.845,0.244
1.040,-0.043,0.020,2.136,-2.747,0.793
1.031,-0.053,0.026,4.700,-2.380,0.244
1.019,-0.036,0.025,6.287,-0.671,3.357
1.016,-0.007,0.019,5.493,0.916,6.836
1.018,0.007,0.024,4.272,-0.244,5.371
1.002,-0.003,0.036,2.930,-0.793,1.587
0.996,-0.017,0.039,2.747,0.000,-0.122
0.997,-0.018,0.042,5.066,-0.977,-1.892
0.993,-0.008,0.047,7.385,-1.831,-4.150
0.992,0.003,0.037,4.333,0.732,-2.930
1.005,-0.000,0.049,-1.709,3.784,0.000
0.999,-0.017,0.047,-0.610,1.587,-4.333

0.865,0.268,-0.936,25.085,41.504,-0.183
0.722,0.333,-1.097,5.676,39.246,-4.150
0.605,0.333,-1.078,-10.437,16.602,2.319
0.550,0.336,-0.884,-30.212,-2.808,23.071
0.477,0.341,-0.642,-68.115,-3.723,38.696
0.571,0.259,-0.224,-79.956,-25.330,20.996
0.827,0.038,0.413,-51.147,-77.759,-19.348
0.987,-0.295,0.958,-32.532,-96.375,-19.409
1.356,-0.094,1.284,-10.559,-35.156,33.569
1.591,0.162,1.227,32.166,0.000,-48.340
1.085,0.025,0.848,54.138,-13.184,-96.741
0.710,-0.072,0.564,30.151,-13.550,-35.217
0.852,0.052,0.443,6.226,-15.991,13.794
1.127,0.146,0.462,17.456,-33.569,-19.531
1.109,0.077,0.373,32.593,-44.250,-63.171
0.880,-0.041,0.214,19.836,-20.447,-33.081
0.882,-0.041,0.077,-5.859,-6.042,22.339
0.997,0.029,0.067,-12.085,-9.888,35.828
1.061,0.063,0.085,-1.465,-14.099,13.855
1.046,0.054,0.052,10.559,-15.320,-12.085
1.001,0.037,0.009,13.000,-15.625,-21.484
0.960,0.012,-0.009,1.770,-16.357,-11.597
0.978,-0.017,0.044,-13.184,-10.315,12.390
1.055,-0.000,0.059,-13.794,-4.028,19.714
1.083,0.010,0.065,-2.075,-8.362,2.991
1.035,0.005,0.049,6.653,-10.803,-8.789
1.006,0.013,0.015,4.272,-7.629,-2.991
1.024,0.019,0.013,-3.540,-2.991,3.723
1.034,0.000,0.049,-3.601,-2.686,3.601
1.036,-0.010,0.062,1.282,-1.770,1.587
1.021,0.006,0.037,5.127,-3.967,0.122
1.023,0.024,0.034,3.662,-4.944,0.671
1.023,0.036,0.051,-0.916,-2.869,2.319
1.039,0.036,0.080,-0.732,-0.977,-0.122
1.042,0.034,0.078,3.479,0.244,-7.324
1.011,0.020,0.059,5.371,0.488,-11.414
0.979,0.013,0.048,3.052,0.000,-6.958
0.996,0.020,0.035,0.549,0.671,-2.747
0.997,0.011,0.036,1.404,-0.610,-4.944
0.985,-0.003,0.067,2.869,-3.052,-6.653

1.120,0.208,-1.042,-13.611,29.907,9.033
1.148,0.412,-1.253,-20.081,39.429,20.874
1.011,0.375,-1.326,-17.761,46.692,-6.958
0.535,0.068,-1.234,-7.446,33.752,-27.588
0.257,-0.033,-1.041,-18.127,10.193,-17.395
0.196,0.025,-0.679,-50.476,-8.484,22.705
0.566,-0.004,0.101,-50.293,-57.617,-0.305
0.990,-0.175,0.866,-8.484,-73.669,-42.236
1.133,-0.130,1.194,25.391,-49.011,-63.660
0.942,-0.199,1.177,25.940,-35.767,-52.795
1.188,-0.154,1.260,11.108,-51.819,3.296
1.352,-0.103,1.189,29.968,-49.316,-4.333
1.205,0.033,0.800,48.035,-33.447,-24.780
1.014,0.063,0.528,40.771,-30.151,-31.311
1.025,0.028,0.378,12.207,-23.376,-3.540
1.096,0.042,0.270,1.221,-14.954,16.174
1.098,0.059,0.186,12.756,-14.465,0.671
1.000,0.035,0.049,19.775,-9.644,-17.029
0.910,-0.011,-0.029,17.212,-10.193,-24.048
0.888,-0.042,-0.039,-4.944,-8.972,4.211
0.916,-0.023,-0.024,-13.794,-7.690,17.517
0.952,-0.004,0.000,-9.827,-12.268,11.108
0.999,0.009,0.034,-3.662,-16.479,-0.488
1.036,-0.000,0.056,-2.930,-12.390,-7.080
1.030,-0.015,0.056,-3.174,-8.911,-11.719
1.021,-0.039,0.071,0.793,-9.949,-14.526
1.011,-0.036,0.046,0.977,-10.925,-12.207
1.015,-0.054,0.080,-6.531,-11.475,-1.831
1.050,-0.041,0.096,-12.207,-6.531,10.620
1.071,-0.033,0.087,-6.775,-11.902,2.869
1.036,-0.035,0.097,-3.906,-12.207,0.122
1.053,-0.015,0.138,-3.601,-11.719,0.977
1.082,-0.029,0.150,-4.883,-5.615,-2.380
1.036,-0.049,0.134,-2.075,2.502,-7.324
0.982,-0.055,0.104,2.502,2.563,-8.118
0.958,-0.052,0.088,0.549,0.977,-2.319
0.984,-0.040,0.088,-3.357,-2.075,4.395
1.011,-0.027,0.125,-2.380,-3.113,-0.244
0.999,-0.046,0.150,0.061,0.000,-5.737
0.996,-0.074,0.161,2.930,-0.183,-7.935

0.902,0.143,-1.066,-45.776,61.218,44.006
0.816,0.250,-1.157,-57.373,83.435,72.510
0.562,0.278,-1.066,-60.730,77.209,69.031
0.345,0.211,-0.856,-65.125,58.289,68.970
0.481,0.130,-0.217,-44.373,21.729,47.424
0.750,0.022,0.290,-0.671,-34.912,-3.723
1.234,0.085,0.843,12.756,-59.631,-36.133
1.464,-0.052,1.098,5.920,-58.289,-80.200
1.198,-0.444,1.189,-19.897,-59.021,-20.996
1.254,-0.309,1.106,-16.602,-43.396,51.453
1.397,0.084,0.726,4.395,-40.405,29.358
1.234,-0.005,0.578,26.733,-51.514,-42.664
0.972,-0.138,0.389,25.269,-41.809,-59.326
0.932,-0.124,0.187,9.277,-20.020,12.878
0.996,0.011,0.067,6.836,-13.550,37.720
0.998,0.100,-0.063,7.874,-13.916,22.827
0.937,0.048,-0.106,9.033,-20.813,6.897
0.911,0.039,-0.084,9.338,-23.010,9.460
0.936,0.105,-0.099,2.930,-18.372,21.179
0.989,0.120,-0.080,-10.681,-14.038,15.137
1.012,0.102,-0.044,-9.888,-14.771,-1.892
1.001,0.016,0.004,-3.601,-18.982,-18.494
1.007,-0.036,0.036,2.075,-19.470,-22.705
0.970,-0.046,0.031,-1.465,-5.981,-2.014
0.969,-0.021,0.013,-6.287,-5.554,12.207
1.026,0.013,0.035,-3.235,-10.803,11.108
1.021,0.031,0.023,0.122,-12.207,6.897
1.016,0.071,0.001,-0.610,-11.597,6.287
1.028,0.084,0.007,-5.920,-10.559,2.319
1.041,0.079,0.028,-4.089,-7.935,-4.761
1.052,0.041,0.056,2.258,-3.845,-13.428
1.002,0.028,0.016,3.906,-1.892,-13.672
0.996,0.025,0.019,-1.892,-1.648,-7.751
1.011,0.028,0.019,-5.066,-1.221,-4.395
1.020,0.028,0.024,-3.052,-1.831,-9.583
1.024,0.011,0.047,-0.671,-2.502,-15.198
1.005,-0.021,0.063,0.366,-2.014,-15.015
1.012,-0.054,0.059,-0.122,0.671,-8.057
0.995,-0.032,0.047,1.160,3.052,-1.892
0.991,-0.001,0.051,3.540,0.916,1.587

0.875,0.035,-1.239,13.367,39.368,-27.954
0.715,0.038,-1.206,2.319,49.927,-6.348
0.466,0.011,-1.099,-7.812,53.284,17.273
0.323,0.008,-0.884,-11.780,50.598,52.490
0.658,0.314,-0.290,4.150,17.822,34.302
0.891,0.114,0.210,24.597,-67.444,-53.223
1.110,-0.265,0.881,-5.005,-120.178,-61.646
1.515,-0.151,1.154,-25.757,-47.424,-12.329
1.351,-0.188,0.993,17.456,-68.420,-78.857
1.186,-0.341,0.998,26.489,-88.135,-76.233
1.264,-0.189,0.881,2.869,-58.044,-11.963
1.259,-0.045,0.587,-9.399,-24.719,12.817
1.101,-0.019,0.355,-0.488,-18.799,-6.470
0.966,-0.080,0.190,22.644,-26.306,-27.832
0.851,-0.118,0.026,26.184,-34.302,-4.822
0.867,0.009,-0.036,16.296,-27.405,32.959
0.922,0.083,-0.073,4.639,-22.583,45.105
0.994,0.074,-0.020,-0.122,-34.302,27.588
1.058,0.063,0.073,0.061,-22.766,14.832
1.034,0.067,0.034,3.052,-11.169,2.563
1.025,0.056,0.043,5.981,-12.634,-9.705
1.032,0.028,0.052,8.606,-16.235,-23.315
1.034,-0.022,0.060,10.498,-17.944,-36.377
0.996,-0.091,0.074,8.240,-16.174,-38.696
0.988,-0.158,0.091,-0.671,-7.202,-19.653
1.005,-0.137,0.045,-3.174,-0.183,10.742
1.036,-0.111,0.054,1.709,-4.578,10.437
1.027,-0.086,0.051,6.409,-5.676,8.362
1.025,-0.054,0.049,6.409,-4.395,8.789
1.013,-0.025,0.065,4.150,-4.211,8.545
1.023,-0.011,0.083,1.404,-4.333,7.507
1.011,-0.019,0.060,-2.502,-0.427,3.845
0.996,-0.041,0.068,-0.366,-1.770,-2.380
0.969,-0.028,0.046,1.404,-2.197,-2.686
1.004,-0.019,0.068,3.479,-3.113,-4.028
1.017,-0.018,0.073,6.104,0.122,-9.155
0.973,-0.035,0.046,4.883,-1.038,-12.207
0.983,-0.061,0.068,0.854,-1.282,-6.104
1.000,-0.069,0.085,0.732,-0.610,-0.305
1.026,-0.068,0.125,3.235,-0.732,1.404

1.136,-0.073,-0.920,29.175,36.499,-55.908
0.982,0.008,-1.183,31.921,55.969,-43.823
0.676,0.083,-1.388,26.978,82.703,-23.193
0.329,0.093,-1.396,0.977,76.172,16.663
0.214,0.131,-1.173,-14.954,39.734,28.748
0.320,0.102,-0.511,-24.048,3.174,22.766
0.826,0.030,0.159,-17.761,-25.208,-14.343
0.798,-0.329,0.541,-1.892,-63.599,-86.853
0.707,-0.576,0.805,-40.771,-74.951,13.489
1.442,-0.356,1.164,-27.893,-100.586,31.677
1.783,-0.291,1.419,-2.319,-103.943,-33.142
1.325,-0.443,1.109,18.311,-87.280,-65.735
1.153,-0.407,0.785,9.277,-66.345,-10.315
1.258,-0.196,0.562,-8.362,-35.095,44.006
1.161,-0.140,0.330,8.606,-25.146,-1.587
1.011,-0.181,0.154,16.602,-18.921,-12.878
0.881,-0.167,-0.015,15.015,-11.230,6.470
0.850,-0.075,-0.126,3.052,-12.207,30.762
0.890,-0.059,-0.122,-10.376,-13.245,39.429
0.952,-0.104,-0.042,-11.597,-19.348,27.954
0.955,-0.146,0.045,-0.183,-27.100,7.629
0.925,-0.131,0.080,-2.197,-9.399,12.146
0.960,-0.115,0.046,-8.728,-5.859,18.372
0.995,-0.124,0.084,-8.850,-10.254,16.174
1.032,-0.126,0.080,-4.578,-9.521,11.475
1.032,-0.117,0.053,0.122,-3.357,8.484
1.015,-0.078,0.004,2.991,-4.639,6.653
1.014,-0.048,-0.005,0.427,-5.676,10.010
1.050,-0.031,0.023,-3.479,-5.127,12.695
1.064,-0.049,0.039,-3.235,-3.845,7.812
1.060,-0.049,0.047,-0.183,-2.808,3.357
1.050,-0.041,0.058,1.038,-1.099,-1.282
1.013,-0.048,0.043,-1.892,1.160,-6.042
0.990,-0.051,0.024,-5.920,0.732,-5.859
1.007,-0.054,0.050,-9.033,-0.427,-2.686
1.041,-0.070,0.084,-4.395,6.104,-5.310
1.014,-0.066,0.038,1.587,6.592,-12.512
0.960,-0.073,0.006,1.099,1.892,-13.306
0.987,-0.088,0.041,-2.380,-0.977,-8.850
1.011,-0.106,0.059,-3.723,-1.465,-6.836

0.937,-0.107,-1.112,-16.602,16.541,-11.169
0.911,0.038,-1.356,-35.095,30.396,55.664
0.801,0.233,-1.462,-57.800,48.340,72.815
0.637,0.261,-1.323,-67.444,55.603,53.101
0.395,0.214,-0.874,-50.476,39.063,8.728
0.421,0.120,-0.410,-25.574,-2.197,-41.565
0.828,-0.064,0.365,-9.155,-72.571,-73.486
1.119,-0.231,0.937,-10.742,-75.134,-46.570
1.237,-0.099,1.088,-22.400,-26.489,-13.550
1.374,0.043,1.070,-5.188,-45.349,-51.941
1.247,-0.079,0.998,13.367,-104.431,-98.450
1.069,-0.388,1.037,-11.780,-103.943,-5.310
1.441,-0.120,0.985,-21.973,-65.308,75.317
1.317,0.021,0.641,1.648,-25.635,46.997
1.025,0.005,0.297,29.968,-15.320,-6.287
0.850,-0.003,0.025,42.175,-22.278,-19.714
0.766,0.003,-0.065,28.381,-27.283,6.775
0.949,0.059,0.004,-0.732,-20.752,31.677
1.047,0.061,0.064,-1.770,-12.878,7.751
1.008,-0.018,0.066,2.808,-12.451,-11.230
0.994,-0.096,0.080,4.761,-16.907,-10.864
1.020,-0.081,0.102,0.488,-15.320,-2.136
1.047,-0.064,0.082,-5.859,-6.592,4.639
1.032,-0.074,0.073,-6.042,-3.113,1.038
1.030,-0.097,0.031,-1.282,-1.221,-2.747
1.028,-0.094,0.013,2.747,-4.211,-3.357
1.030,-0.099,0.027,4.639,-6.409,-3.845
0.998,-0.100,0.015,5.798,-4.211,1.404
1.006,-0.089,0.024,3.479,-4.639,4.333
0.982,-0.086,0.048,1.587,-4.211,5.615
0.976,-0.085,0.047,1.343,-8.545,4.395
0.975,-0.074,0.061,0.916,-11.353,3.723
1.008,-0.063,0.109,3.357,-11.047,-0.305
1.016,-0.067,0.126,6.653,-3.845,-7.141
0.981,-0.077,0.092,5.493,1.465,-7.385
0.990,-0.083,0.089,2.747,0.732,-2.319
1.015,-0.069,0.079,3.723,-0.061,-1.709
1.023,-0.071,0.083,3.479,0.977,-2.441
1.030,-0.068,0.089,4.761,5.859,-1.221
1.025,-0.052,0.072,6.531,5.798,-2.808

0.903,-0.083,-1.094,-15.625,34.363,28.625
0.797,0.027,-1.324,-32.715,38.574,45.288
0.594,0.065,-1.413,-53.528,23.865,40.710
0.413,0.027,-1.319,-63.416,-1.709,35.828
0.375,-0.029,-1.058,-55.237,-24.963,48.218
0.397,0.067,-0.649,-57.251,-33.203,70.801
0.708,0.186,-0.051,-23.682,-81.970,9.583
0.873,-0.215,0.755,-21.179,-99.915,-2.747
1.469,-0.109,1.391,-31.616,-78.735,49.194
1.740,0.064,1.507,19.653,-52.490,-26.062
1.433,-0.044,1.182,33.264,-29.724,-73.975
1.167,-0.196,0.856,21.057,-6.775,-44.617
1.026,-0.071,0.508,9.766,5.371,-6.714
1.022,-0.045,0.311,8.850,5.920,-3.906
1.010,-0.055,0.153,22.766,-8.972,-27.405
0.837,-0.073,-0.054,34.607,-17.273,-42.297
0.750,-0.156,-0.136,17.822,-19.775,-18.799
0.848,-0.142,-0.103,-7.751,-15.442,28.137
0.971,-0.092,-0.023,-10.620,-23.376,37.537
1.044,-0.073,0.059,1.404,-21.423,16.357
1.014,-0.054,0.067,7.141,-13.245,-1.038
0.949,-0.073,-0.010,4.395,-10.132,-6.409
0.952,-0.078,0.007,0.549,-12.756,-2.319
0.990,-0.068,0.017,0.793,-11.047,-0.183
0.994,-0.077,-0.003,4.822,-10.681,-6.165
0.985,-0.083,-0.031,9.033,-12.817,-9.949
0.976,-0.089,-0.037,6.653,-12.085,-6.897
0.991,-0.103,-0.026,0.000,-12.695,1.587
1.042,-0.102,0.005,-3.052,-9.094,3.479
1.052,-0.093,0.044,-0.061,-7.751,-1.404
1.024,-0.111,0.034,4.700,-5.493,-4.333
1.014,-0.097,0.004,5.615,-3.906,-3.235
1.010,-0.098,0.003,4.211,-7.690,-0.244
1.026,-0.084,0.014,1.831,-4.822,0.122
1.032,-0.078,0.010,1.770,-5.432,-3.967
1.051,-0.102,0.042,3.174,-6.042,-9.094
1.038,-0.101,0.022,3.174,0.854,-11.292
0.996,-0.131,-0.003,-1.343,3.662,-10.315
0.979,-0.184,0.012,0.122,1.282,-3.723
0.982,-0.165,0.011,4.272,1.526,2.441

1.023,0.065,-1.192,-16.174,38.086,10.803
1.007,0.111,-1.291,-28.381,52.124,19.043
0.789,0.125,-1.289,-27.527,55.786,-1.831
0.473,0.033,-1.217,-23.926,46.570,-10.742
0.106,-0.081,-0.843,-18.860,15.747,2.319
0.318,0.005,-0.216,-3.357,-31.738,11.963
0.941,0.219,0.432,32.593,-77.332,-48.828
1.056,-0.066,0.867,37.354,-112.915,-150.696
1.000,-0.662,1.337,-51.697,-86.792,-13.733
1.435,-0.512,1.413,-61.890,-42.664,87.891
1.568,-0.182,1.086,-22.339,-33.386,46.875
1.137,-0.076,0.621,19.592,-49.805,-18.066
1.048,0.010,0.453,29.724,-58.960,-32.532
1.071,0.041,0.286,10.864,-44.861,-19.348
1.014,0.006,0.187,-17.334,-21.790,4.395
1.032,-0.008,0.089,-12.268,-15.808,-4.517
0.962,-0.059,-0.035,0.122,-19.836,-18.555
0.910,-0.080,-0.058,3.967,-29.846,-19.165
0.969,-0.110,-0.024,-5.859,-29.297,-10.376
1.011,-0.127,0.058,-17.029,-6.409,11.353
1.030,-0.100,0.037,-10.803,-5.127,3.601
0.997,-0.106,0.013,-4.150,-11.169,-11.719
0.989,-0.167,0.045,-0.671,-18.127,-19.104
1.002,-0.188,0.031,-1.892,-14.832,-13.245
0.988,-0.185,0.015,-3.967,-5.127,1.221
1.017,-0.141,0.008,1.343,-3.235,11.719
1.019,-0.127,-0.027,6.714,-6.897,4.211
1.007,-0.114,-0.023,4.700,-7.263,6.348
1.065,-0.091,0.021,-0.732,-5.371,13.916
1.070,-0.099,0.028,0.854,-4.395,4.517
1.039,-0.112,0.035,2.991,-4.395,0.610
1.016,-0.111,0.029,0.671,-3.235,3.540
1.008,-0.100,0.036,-1.221,-3.418,6.836
1.026,-0.101,0.058,-0.366,-2.075,4.822
1.021,-0.096,0.066,1.953,1.038,0.732
0.985,-0.108,0.060,2.747,4.395,-0.549
0.965,-0.103,0.031,2.075,6.409,3.296
0.980,-0.090,0.026,2.075,2.563,4.517
0.986,-0.084,0.035,3.601,-2.808,0.732
1.007,-0.085,0.062,4.395,-2.563,-2.441

1.209,0.140,-1.058,50.232,40.100,-23.499
1.122,0.110,-1.149,45.044,41.809,-34.790
0.828,0.034,-1.142,0.366,71.106,1.343
0.510,-0.034,-1.033,-28.992,82.581,46.753
0.344,-0.064,-0.610,-39.978,63.599,78.796
0.953,0.104,0.099,0.854,-7.568,29.480
0.808,-0.190,0.511,44.373,-89.783,-84.045
0.857,-0.454,0.913,-50.781,-45.654,43.579
1.370,-0.157,1.094,-46.204,-19.165,70.129
1.541,0.083,1.042,18.982,-64.392,-55.725
0.863,-0.419,0.903,29.297,-90.393,-83.313
1.127,-0.337,0.875,-6.165,-57.495,11.780
1.215,-0.153,0.658,-19.043,-19.470,49.622
1.062,-0.106,0.393,-5.737,-5.493,27.344
0.909,-0.087,0.183,15.503,-4.456,11.536
0.836,-0.032,0.009,13.977,-7.141,19.287
0.808,0.012,-0.100,2.808,-11.658,30.701
0.909,0.025,-0.065,-3.967,-16.968,31.921
0.947,0.020,-0.012,-5.371,-15.503,26.855
1.020,0.034,0.031,-1.648,-13.367,18.616
1.022,0.026,0.051,1.038,-13.062,5.188
1.014,-0.002,0.056,2.747,-11.597,-8.057
0.983,-0.029,0.056,-0.183,-5.615,-7.935
0.927,-0.027,-0.019,0.671,-8.057,-2.869
0.991,0.000,0.007,3.540,-13.611,0.854
0.987,-0.002,-0.007,3.601,-10.986,-2.014
0.976,0.006,-0.016,5.493,-17.029,-3.113
1.007,-0.006,0.002,4.272,-18.616,-2.686
1.053,-0.000,0.034,-0.427,-13.672,-1.343
1.047,-0.022,0.071,-2.136,-13.855,-4.639
1.009,-0.033,0.057,-0.427,-12.573,-7.263
1.005,-0.039,0.034,-2.014,-17.761,-7.385
1.052,-0.056,0.108,-2.319,-19.470,-10.864
1.030,-0.074,0.111,-3.479,-7.019,-9.155
1.017,-0.066,0.100,-3.479,1.465,-2.808
1.030,-0.064,0.088,3.601,0.061,-3.540
1.007,-0.068,0.064,5.127,0.000,-5.493
1.010,-0.065,0.077,3.418,-0.366,-1.648
1.028,-0.060,0.092,1.343,2.808,5.920
1.033,-0.052,0.079,3.113,3.906,6.714

1.051,-0.011,-1.005,24.963,39.856,7.141
0.935,0.100,-1.262,29.297,56.519,8.057
0.711,0.202,-1.539,24.231,77.576,10.132
0.359,0.231,-1.620,0.305,87.036,23.865
0.180,0.183,-1.361,-34.790,67.627,39.490
0.463,0.100,-0.718,-33.569,15.259,9.399
0.836,-0.084,-0.052,84.595,-100.586,-154.175
0.755,-0.468,0.370,55.542,-133.118,-117.126
1.272,-0.531,1.098,-51.086,-39.124,28.137
1.790,-0.191,1.138,-24.902,37.048,-36.133
0.709,-0.252,0.495,54.871,-33.386,-144.592
0.641,-0.346,0.454,11.414,-66.162,-47.974
1.204,-0.147,0.552,-45.288,-40.588,73.608
1.334,-0.109,0.477,-3.174,-52.612,6.165
0.953,-0.176,0.157,25.452,-52.246,-36.743
0.929,-0.207,0.073,5.798,-41.138,10.742
1.036,-0.149,0.079,-13.916,-20.386,37.476
0.965,-0.148,-0.008,-14.465,-6.470,27.283
0.904,-0.159,-0.046,-3.723,-11.292,13.489
0.904,-0.120,-0.093,6.836,-22.156,6.470
0.906,-0.086,-0.115,2.563,-21.667,4.150
0.890,-0.092,-0.109,-6.348,-19.775,6.897
0.966,-0.106,-0.052,-7.690,-16.724,5.554
0.969,-0.125,-0.094,-2.930,-12.817,-0.122
0.978,-0.131,-0.085,4.883,-13.428,-4.761
0.937,-0.143,-0.122,4.700,-10.681,-5.920
0.956,-0.148,-0.130,0.977,-12.024,-0.488
1.008,-0.174,-0.065,6.165,-20.874,-6.653
0.972,-0.167,-0.082,9.583,-20.691,-4.211
1.015,-0.124,-0.050,6.470,-22.766,6.042
1.076,-0.101,-0.002,-3.845,-14.648,15.259
1.094,-0.095,0.030,-9.888,2.197,16.663
1.096,-0.085,0.011,-1.038,1.343,1.221
1.061,-0.101,-0.010,5.798,-0.671,-13.794
1.010,-0.130,-0.014,0.916,5.432,-10.742
1.020,-0.129,-0.029,-7.812,17.578,5.554
1.016,-0.127,-0.044,-1.160,12.024,2.197
0.987,-0.134,-0.062,5.676,5.981,-3.418
0.959,-0.123,-0.090,6.775,3.296,-1.343
0.959,-0.116,-0.072,-1.038,0.488,10.376

1.071,-0.106,-1.177,18.677,41.077,-9.216
1.021,-0.028,-1.540,9.033,73.242,-10.681
0.502,-0.126,-1.638,-30.029,78.857,-6.470
0.217,-0.338,-1.305,-59.082,63.721,16.724
0.086,-0.346,-0.905,-46.143,24.170,73.975
0.321,-0.095,-0.355,-14.587,-20.569,55.420
0.765,0.109,0.212,24.353,-85.754,-35.889
0.937,-0.130,0.835,26.978,-132.019,-48.767
1.256,-0.155,1.414,-7.874,-109.131,48.157
2.087,0.165,1.677,-23.560,-64.514,79.224
1.894,0.184,1.233,16.296,-38.574,-9.216
1.278,0.070,0.746,45.593,-34.607,-78.918
0.991,-0.011,0.461,35.400,-25.879,-45.715
0.940,0.094,0.201,19.958,-17.883,16.418
0.986,0.234,-0.053,8.484,-14.343,33.997
0.958,0.231,-0.152,4.395,-21.240,3.784
0.913,0.091,-0.156,1.160,-17.761,-14.709
0.819,-0.085,-0.215,-0.671,-12.817,-5.249
0.814,-0.075,-0.185,-1.587,-17.944,17.639
0.908,0.002,-0.086,-2.258,-27.954,30.945
1.017,0.037,-0.013,-4.150,-28.503,23.437
1.055,0.034,0.066,-5.249,-21.057,5.432
1.022,0.006,0.026,-1.587,-10.498,-9.399
0.973,-0.018,-0.037,-2.930,-6.226,-11.780
0.985,-0.054,-0.033,-4.578,-11.108,-7.141
1.039,-0.062,0.009,-0.183,-10.437,-9.949
1.012,-0.091,-0.060,6.042,-7.935,-16.907
0.972,-0.095,-0.069,7.874,-9.338,-11.658
1.002,-0.059,-0.081,0.061,-5.859,7.507
1.060,-0.024,-0.072,-3.418,-7.690,8.301
1.068,-0.027,-0.032,-0.977,-8.789,-5.493
1.018,-0.055,-0.002,-1.221,-4.150,-8.179
1.001,-0.060,-0.009,-3.357,1.587,-2.563
1.005,-0.031,-0.011,-3.174,0.671,1.404
1.011,-0.039,0.012,-1.404,-3.784,-2.014
1.008,-0.062,0.018,1.526,-2.563,-7.141
0.999,-0.061,0.024,3.906,-0.122,-5.066
1.019,-0.038,0.033,4.700,2.319,-6.836
0.994,-0.052,0.002,4.395,3.235,-10.254
0.965,-0.086,-0.017,3.784,1.221,-7.263
